ENTITYNAME=F4System
SYSCLASSIFYNAME=SDB
BASEFAMILY=785a9297-6660-493f-9414-7090378c2481.fam
OBJECTMODELPOINTER=785a9297-6660-493f-9414-7090378c2481.dev
TRANSFORMMATRIX=-1,1.22464679914735E-16,0,0,-1.22464679914735E-16,-1,0,0,0,0,1,0,30744.5651637805,10399.9982888461,7800,1
SUBDEVICES.NUM=0
SUBLOGICALMODELS.NUM=0
