ENTITYNAME=F4System
SYSCLASSIFYNAME=GH3
BASEFAMILY=483e3167-5077-40f7-b21f-b5a949ee983e.fam
OBJECTMODELPOINTER=483e3167-5077-40f7-b21f-b5a949ee983e.dev
TRANSFORMMATRIX=1,0,0,0,0,1,0,0,0,0,1,0,56600.0000000003,12723.2256292272,1300,1
SUBDEVICES.NUM=0
SUBLOGICALMODELS.NUM=0
