ENTITYNAME=F4System
SYSCLASSIFYNAME=GYT
BASEFAMILY=08943711-fca1-42ac-a275-01882872de10.fam
OBJECTMODELPOINTER=08943711-fca1-42ac-a275-01882872de10.dev
TRANSFORMMATRIX=1,0,0,0,0,1,0,0,0,0,1,0,11273.0448452365,10504.4039373947,3600,1
SUBDEVICES.NUM=0
SUBLOGICALMODELS.NUM=0
