ENTITYNAME=F4System
SYSCLASSIFYNAME=GH4
BASEFAMILY=6e27a615-1de6-4518-bb70-b8a580631686.fam
OBJECTMODELPOINTER=6e27a615-1de6-4518-bb70-b8a580631686.dev
TRANSFORMMATRIX=1,0,0,0,0,1,0,0,0,0,1,0,42399.9999999996,14099.9999999978,5100,1
SUBDEVICES.NUM=0
SUBLOGICALMODELS.NUM=0
