ENTITYNAME=F4System
SYSCLASSIFYNAME=GJ1
BASEFAMILY=9cb03f16-cfd9-4705-9989-b7d44c5baa1b.fam
OBJECTMODELPOINTER=9cb03f16-cfd9-4705-9989-b7d44c5baa1b.dev
TRANSFORMMATRIX=-1,1.22464679914735E-16,0,0,-1.22464679914735E-16,-1,0,0,0,0,1,0,53342.285423819,420.50718279698,0,1
SUBDEVICES.NUM=0
SUBLOGICALMODELS.NUM=0
