ENTITYNAME=F4System
SYSCLASSIFYNAME=GJ8
BASEFAMILY=8a356a5f-0110-4310-8f1b-1764e9a0863f.fam
OBJECTMODELPOINTER=8a356a5f-0110-4310-8f1b-1764e9a0863f.dev
TRANSFORMMATRIX=-1.06043306211999E-15,1,-2.37553712549182E-15,0,1,-2.16323416198912E-16,8.49643771298366E-16,0,3.85346484017486E-17,2.59758173041686E-15,1,0,74700.0000000227,21976.6039817792,-599.999999999958,1
SUBDEVICES.NUM=0
SUBLOGICALMODELS.NUM=0
