ENTITYNAME=F4System
SYSCLASSIFYNAME=GH2
BASEFAMILY=59266e93-6da6-4345-8598-81239def8704.fam
OBJECTMODELPOINTER=59266e93-6da6-4345-8598-81239def8704.dev
TRANSFORMMATRIX=6.12323399573677E-17,1,0,0,-1,6.12323399573677E-17,0,0,0,0,1,0,42500.0000000002,11085.6995081177,4200,1
SUBDEVICES.NUM=0
SUBLOGICALMODELS.NUM=0
