ENTITYNAME=F4System
SYSCLASSIFYNAME=GH2
BASEFAMILY=6c0d6495-607a-44d5-8775-2622fb41a48e.fam
OBJECTMODELPOINTER=6c0d6495-607a-44d5-8775-2622fb41a48e.dev
TRANSFORMMATRIX=1,0,0,0,0,1,0,0,0,0,1,0,63520.5976738802,11996.1774139199,4200,1
SUBDEVICES.NUM=0
SUBLOGICALMODELS.NUM=0
