ENTITYNAME=F4System
SYSCLASSIFYNAME=GH4
BASEFAMILY=3f80209d-7207-4a86-be7e-69b3e8eea362.fam
OBJECTMODELPOINTER=3f80209d-7207-4a86-be7e-69b3e8eea362.dev
TRANSFORMMATRIX=-1,1.22464679914735E-16,0,0,-1.22464679914735E-16,-1,0,0,0,0,1,0,37599.9999999996,16299.9999999978,5100,1
SUBDEVICES.NUM=0
SUBLOGICALMODELS.NUM=0
