ENTITYNAME=F4System
SYSCLASSIFYNAME=XFX
BASEFAMILY=20300530-f067-4c00-b177-024df01875f5.fam
OBJECTMODELPOINTER=20300530-f067-4c00-b177-024df01875f5.dev
TRANSFORMMATRIX=1,0,0,0,0,1,0,0,0,0,1,0,28399.7281217845,19519.9999999979,-150,1
SUBDEVICES.NUM=0
SUBLOGICALMODELS.NUM=0
