ENTITYNAME=F4System
SYSCLASSIFYNAME=GJ7
BASEFAMILY=4793c9b9-fa54-4b4c-94c0-ed72870344c3.fam
OBJECTMODELPOINTER=4793c9b9-fa54-4b4c-94c0-ed72870344c3.dev
TRANSFORMMATRIX=-1,-4.32646832397835E-16,-5.5511151231257E-17,0,-7.33087343458563E-16,-1,-1.66533453693771E-16,0,-5.55111512312579E-17,1.38777878078145E-17,1,0,56079.0088481489,12613.1581180574,8599.99999999999,1
SUBDEVICES.NUM=0
SUBLOGICALMODELS.NUM=0
