ENTITYNAME=F4System
SYSCLASSIFYNAME=GJ1
BASEFAMILY=51ac8697-33ea-49a5-8597-1d4667eb6918.fam
OBJECTMODELPOINTER=51ac8697-33ea-49a5-8597-1d4667eb6918.dev
TRANSFORMMATRIX=-1.83697019872103E-16,-1,0,0,1,-1.83697019872103E-16,0,0,0,0,1,0,83008.1982381474,19579.0399872609,0,1
SUBDEVICES.NUM=0
SUBLOGICALMODELS.NUM=0
