ENTITYNAME=F4System
SYSCLASSIFYNAME=GYT
BASEFAMILY=34c9740a-2e16-44ed-876d-3ff23a5c7ef0.fam
OBJECTMODELPOINTER=34c9740a-2e16-44ed-876d-3ff23a5c7ef0.dev
TRANSFORMMATRIX=1,0,0,0,0,1,0,0,0,0,1,0,25188.579261075,18338.7670213312,6100,1
SUBDEVICES.NUM=0
SUBLOGICALMODELS.NUM=0
