ENTITYNAME=F4System
SYSCLASSIFYNAME=GH4
BASEFAMILY=2ea3e184-1ddb-4bc3-8bd4-a10dcf9ef770.fam
OBJECTMODELPOINTER=2ea3e184-1ddb-4bc3-8bd4-a10dcf9ef770.dev
TRANSFORMMATRIX=1,0,0,0,0,1,0,0,0,0,1,0,38800.2448694276,17700.0000000015,5100,1
SUBDEVICES.NUM=0
SUBLOGICALMODELS.NUM=0
