ENTITYNAME=F4System
SYSCLASSIFYNAME=GH3
BASEFAMILY=2b8109b4-a7da-4639-af61-6aaf20f853e9.fam
OBJECTMODELPOINTER=2b8109b4-a7da-4639-af61-6aaf20f853e9.dev
TRANSFORMMATRIX=1,0,0,0,0,1,0,0,0,0,1,0,31600.0000000008,12723.2256292272,1300,1
SUBDEVICES.NUM=0
SUBLOGICALMODELS.NUM=0
