ENTITYNAME=F4System
SYSCLASSIFYNAME=G_H_6
BASEFAMILY=041a5951-b38d-4960-8975-dfa4846697bb.fam
OBJECTMODELPOINTER=7e4f5047-c10c-4e7a-b55e-dff92363b23d.dev
TRANSFORMMATRIX=-1,1.22464679914735E-16,0,0,-1.22464679914735E-16,-1,0,0,0,0,1,0,51203.8615425042,12665,1450,1
SUBDEVICES.NUM=1
SUBDEVICE0=ff189b7f-753b-4f89-965f-7e41d9a8ee89.cbm
SUBLOGICALMODELS.NUM=0
