ENTITYNAME=F4System
SYSCLASSIFYNAME=GH2
BASEFAMILY=53184fdc-8d70-4053-a0ac-101899d86e49.fam
OBJECTMODELPOINTER=53184fdc-8d70-4053-a0ac-101899d86e49.dev
TRANSFORMMATRIX=6.12323399573677E-17,1,0,0,-1,6.12323399573677E-17,0,0,0,0,1,0,50500.0000000063,15974.9999999995,9800,1
SUBDEVICES.NUM=0
SUBLOGICALMODELS.NUM=0
