ENTITYNAME=F4System
SYSCLASSIFYNAME=GH4
BASEFAMILY=2765d898-70c7-41ff-94d5-3d862eac11d9.fam
OBJECTMODELPOINTER=2765d898-70c7-41ff-94d5-3d862eac11d9.dev
TRANSFORMMATRIX=1,0,0,0,0,1,0,0,0,0,1,0,40000.2447320836,17699.9999999968,5100,1
SUBDEVICES.NUM=0
SUBLOGICALMODELS.NUM=0
