ENTITYNAME=F4System
SYSCLASSIFYNAME=GJ5
BASEFAMILY=07d37b2a-2a0e-47fe-b669-fd9217b8ebee.fam
OBJECTMODELPOINTER=07d37b2a-2a0e-47fe-b669-fd9217b8ebee.dev
TRANSFORMMATRIX=-1,1.22464679914735E-16,0,0,-1.22464679914735E-16,-1,0,0,0,0,1,0,45190.4378792726,12700,7599.99999999999,1
SUBDEVICES.NUM=0
SUBLOGICALMODELS.NUM=0
