ENTITYNAME=F4System
SYSCLASSIFYNAME=GH3
BASEFAMILY=62bd4716-8574-42c2-8bcb-4834d3c08d21.fam
OBJECTMODELPOINTER=62bd4716-8574-42c2-8bcb-4834d3c08d21.dev
TRANSFORMMATRIX=1,0,0,0,0,1,0,0,0,0,1,0,24698.947461112,12016.2210851743,1300,1
SUBDEVICES.NUM=0
SUBLOGICALMODELS.NUM=0
