ENTITYNAME=F4System
SYSCLASSIFYNAME=GWG
BASEFAMILY=5273980c-aa8f-4ce7-bb9b-16310beca700.fam
OBJECTMODELPOINTER=5273980c-aa8f-4ce7-bb9b-16310beca700.dev
TRANSFORMMATRIX=1,0,0,0,0,1,0,0,0,0,1,0,36092.3837753445,15073.0376804225,6100,1
SUBDEVICES.NUM=0
SUBLOGICALMODELS.NUM=0
