ENTITYNAME=F4System
SYSCLASSIFYNAME=GH4
BASEFAMILY=54f986dd-2e2b-46d6-a70f-0a36fdbb8588.fam
OBJECTMODELPOINTER=54f986dd-2e2b-46d6-a70f-0a36fdbb8588.dev
TRANSFORMMATRIX=1,0,0,0,0,1,0,0,0,0,1,0,35800.2447320836,17700.0000000015,5100,1
SUBDEVICES.NUM=0
SUBLOGICALMODELS.NUM=0
