ENTITYNAME=F4System
SYSCLASSIFYNAME=SDB
BASEFAMILY=9991e73c-1211-41e9-b790-fb2266356328.fam
OBJECTMODELPOINTER=9991e73c-1211-41e9-b790-fb2266356328.dev
TRANSFORMMATRIX=-1,1.22464679914735E-16,0,0,-1.22464679914735E-16,-1,0,0,0,0,1,0,8642.90941994862,5799.99915527996,-4400,1
SUBDEVICES.NUM=0
SUBLOGICALMODELS.NUM=0
