ENTITYNAME=F4System
SYSCLASSIFYNAME=G_H_4
BASEFAMILY=7203ddd4-2369-49a3-aea6-7105cf316829.fam
OBJECTMODELPOINTER=56df2a6e-540a-430f-b530-f2f928b0beff.dev
TRANSFORMMATRIX=6.12323399573677E-17,1,0,0,-1,6.12323399573677E-17,0,0,0,0,1,0,31197.2275407385,19737.3138656419,4963,1
SUBDEVICES.NUM=0
SUBLOGICALMODELS.NUM=0
