ENTITYNAME=F4System
SYSCLASSIFYNAME=GJ4
BASEFAMILY=71edced0-1097-4fd7-900a-54123088d237.fam
OBJECTMODELPOINTER=71edced0-1097-4fd7-900a-54123088d237.dev
TRANSFORMMATRIX=6.12323399573677E-17,1,0,0,-1,6.12323399573677E-17,0,0,0,0,1,0,13066.0000000492,13450.0000000186,1600,1
SUBDEVICES.NUM=0
SUBLOGICALMODELS.NUM=0
