ENTITYNAME=F4System
SYSCLASSIFYNAME=BB1
BASEFAMILY=8a780e21-6b77-4bf1-b2e4-4fd7e0a0742b.fam
OBJECTMODELPOINTER=8a780e21-6b77-4bf1-b2e4-4fd7e0a0742b.dev
TRANSFORMMATRIX=1,0,0,0,0,1,0,0,0,0,1,0,25148.5859828912,19400.0000000001,8800,1
SUBDEVICES.NUM=0
SUBLOGICALMODELS.NUM=0
