ENTITYNAME=F4System
SYSCLASSIFYNAME=GH3
BASEFAMILY=3264b7eb-f1fe-4a8a-a876-75ff65993766.fam
OBJECTMODELPOINTER=3264b7eb-f1fe-4a8a-a876-75ff65993766.dev
TRANSFORMMATRIX=6.12323399573677E-17,1,0,0,-1,6.12323399573677E-17,0,0,0,0,1,0,28715.5293267942,11945.8318298394,10200,1
SUBDEVICES.NUM=0
SUBLOGICALMODELS.NUM=0
