ENTITYNAME=F4System
SYSCLASSIFYNAME=GJ4
BASEFAMILY=90df9874-f529-4dae-9a08-d0ee7ae22557.fam
OBJECTMODELPOINTER=90df9874-f529-4dae-9a08-d0ee7ae22557.dev
TRANSFORMMATRIX=-1,1.22464679914735E-16,0,0,-1.22464679914735E-16,-1,0,0,0,0,1,0,57024.9999999987,12700.0000000002,7600,1
SUBDEVICES.NUM=0
SUBLOGICALMODELS.NUM=0
