ENTITYNAME=F4System
SYSCLASSIFYNAME=G_H_6
BASEFAMILY=6b285f86-c365-42b3-95a7-e29ddc5c2575.fam
OBJECTMODELPOINTER=4e18c05b-e6b9-48c9-99d8-d23d79e80e8f.dev
TRANSFORMMATRIX=1,-2.44929359829471E-16,0,0,2.44929359829471E-16,1,0,0,0,0,1,0,53807.4554986482,16985,1431.98771867776,1
SUBDEVICES.NUM=0
SUBLOGICALMODELS.NUM=0
