ENTITYNAME=F4System
SYSCLASSIFYNAME=GJ7
BASEFAMILY=7a458970-5db7-4ecc-a80a-b7895512dc06.fam
OBJECTMODELPOINTER=7a458970-5db7-4ecc-a80a-b7895512dc06.dev
TRANSFORMMATRIX=2.10602227472806E-16,-1,-2.08166817117214E-16,0,1,-5.38798314149162E-16,4.44089209850055E-16,0,-2.49800180540662E-16,-6.93889390390727E-18,1,0,12766.0000000561,3667.5880086396,2900.00000000037,1
SUBDEVICES.NUM=0
SUBLOGICALMODELS.NUM=0
