ENTITYNAME=F4System
SYSCLASSIFYNAME=GJ6
BASEFAMILY=45861b12-5551-40ad-b1da-b098dd83cc7b.fam
OBJECTMODELPOINTER=45861b12-5551-40ad-b1da-b098dd83cc7b.dev
TRANSFORMMATRIX=6.12323399573677E-17,1,0,0,-1,6.12323399573677E-17,0,0,0,0,1,0,64700.0000000267,24729.082116802,3000,1
SUBDEVICES.NUM=0
SUBLOGICALMODELS.NUM=0
