ENTITYNAME=F4System
SYSCLASSIFYNAME=GJ5
BASEFAMILY=23ae1edf-a4ea-4abc-af7e-db199a90f51a.fam
OBJECTMODELPOINTER=23ae1edf-a4ea-4abc-af7e-db199a90f51a.dev
TRANSFORMMATRIX=-1,-7.65713739785374E-16,3.49748877900716E-31,0,7.65713739785374E-16,-1,-2.09541177949328E-30,0,-1.2911434347172E-30,1.25724706769599E-30,1,0,26334.9999999999,13640.0000001475,100,1
SUBDEVICES.NUM=0
SUBLOGICALMODELS.NUM=0
