ENTITYNAME=F4System
SYSCLASSIFYNAME=Z_J_2
BASEFAMILY=19202536-aeb9-4213-b4ff-0ef78f919b38.fam
OBJECTMODELPOINTER=19202536-aeb9-4213-b4ff-0ef78f919b38.dev
TRANSFORMMATRIX=6.12323399573677E-17,1,0,0,-1,6.12323399573677E-17,0,0,0,0,1,0,59520,13770,-1584.37814438441,1
SUBDEVICES.NUM=0
SUBLOGICALMODELS.NUM=0
