ENTITYNAME=F4System
SYSCLASSIFYNAME=GH3
BASEFAMILY=728a861b-8be1-4e9c-8abf-54ebf1727df4.fam
OBJECTMODELPOINTER=728a861b-8be1-4e9c-8abf-54ebf1727df4.dev
TRANSFORMMATRIX=1,0,0,0,0,1,0,0,0,0,1,0,56599.9999999998,17073.2256292272,1300,1
SUBDEVICES.NUM=0
SUBLOGICALMODELS.NUM=0
