ENTITYNAME=F4System
SYSCLASSIFYNAME=GH2
BASEFAMILY=564b61dd-6f20-4fc8-8405-c99ef844b48a.fam
OBJECTMODELPOINTER=564b61dd-6f20-4fc8-8405-c99ef844b48a.dev
TRANSFORMMATRIX=6.12323399573677E-17,1,0,0,-1,6.12323399573677E-17,0,0,0,0,1,0,35249.9999999994,14885.699508118,4200,1
SUBDEVICES.NUM=0
SUBLOGICALMODELS.NUM=0
