ENTITYNAME=F4System
SYSCLASSIFYNAME=GH2
BASEFAMILY=9efd4206-5d8d-4bee-a998-9cdaa8435cee.fam
OBJECTMODELPOINTER=9efd4206-5d8d-4bee-a998-9cdaa8435cee.dev
TRANSFORMMATRIX=6.12323399573677E-17,1,0,0,-1,6.12323399573677E-17,0,0,0,0,1,0,36899.999968449,13626.1672802905,9800,1
SUBDEVICES.NUM=0
SUBLOGICALMODELS.NUM=0
