ENTITYNAME=F4System
SYSCLASSIFYNAME=GH2
BASEFAMILY=32072239-bab5-4b80-9bab-6bba2c826021.fam
OBJECTMODELPOINTER=32072239-bab5-4b80-9bab-6bba2c826021.dev
TRANSFORMMATRIX=1,0,0,0,0,1,0,0,0,0,1,0,11180.5997724843,8405.85489604894,-1200,1
SUBDEVICES.NUM=0
SUBLOGICALMODELS.NUM=0
