ENTITYNAME=F4System
SYSCLASSIFYNAME=GH2
BASEFAMILY=71a4a345-0d00-4581-817e-c6b87d96eafa.fam
OBJECTMODELPOINTER=71a4a345-0d00-4581-817e-c6b87d96eafa.dev
TRANSFORMMATRIX=6.12323399573677E-17,1,0,0,-1,6.12323399573677E-17,0,0,0,0,1,0,59249.9999999993,18485.6995081179,4200,1
SUBDEVICES.NUM=0
SUBLOGICALMODELS.NUM=0
