ENTITYNAME=F4System
SYSCLASSIFYNAME=GJ6
BASEFAMILY=71bfd9a0-993a-4076-acac-c2f9adfecdea.fam
OBJECTMODELPOINTER=71bfd9a0-993a-4076-acac-c2f9adfecdea.dev
TRANSFORMMATRIX=6.12323399573677E-17,1,0,0,-1,6.12323399573677E-17,0,0,0,0,1,0,32200,15712.56673056,7800,1
SUBDEVICES.NUM=0
SUBLOGICALMODELS.NUM=0
