ENTITYNAME=F4System
SYSCLASSIFYNAME=GJ7
BASEFAMILY=0ebcd65c-cecb-4ca0-8e47-e7baf9e92a18.fam
OBJECTMODELPOINTER=0ebcd65c-cecb-4ca0-8e47-e7baf9e92a18.dev
TRANSFORMMATRIX=-1,-6.12826102232787E-15,0,0,6.12826102232787E-15,-1,0,0,0,0,1,0,27755.1999999999,17117.2784666964,4169,1
SUBDEVICES.NUM=0
SUBLOGICALMODELS.NUM=0
