ENTITYNAME=F4System
SYSCLASSIFYNAME=GWG
BASEFAMILY=82f1fadf-0954-4924-b711-6ab27e387ef2.fam
OBJECTMODELPOINTER=82f1fadf-0954-4924-b711-6ab27e387ef2.dev
TRANSFORMMATRIX=1,0,0,0,0,1,0,0,0,0,1,0,50525.0810270389,16432.8520694654,9700,1
SUBDEVICES.NUM=0
SUBLOGICALMODELS.NUM=0
