ENTITYNAME=F4System
SYSCLASSIFYNAME=EE9
BASEFAMILY=1649790e-60d6-4912-9ab2-e608156fee22.fam
OBJECTMODELPOINTER=1649790e-60d6-4912-9ab2-e608156fee22.dev
TRANSFORMMATRIX=1,0,0,0,0,1,0,0,0,0,1,0,54549.5641128223,11444.9999999959,-1200,1
SUBDEVICES.NUM=0
SUBLOGICALMODELS.NUM=0
