ENTITYNAME=F4System
SYSCLASSIFYNAME=GH3
BASEFAMILY=51cf7f5a-aefe-444f-b9e6-df30aa04f388.fam
OBJECTMODELPOINTER=51cf7f5a-aefe-444f-b9e6-df30aa04f388.dev
TRANSFORMMATRIX=6.12323399573677E-17,1,0,0,-1,6.12323399573677E-17,0,0,0,0,1,0,39013.8028953406,11452.0738624544,10200,1
SUBDEVICES.NUM=0
SUBLOGICALMODELS.NUM=0
