ENTITYNAME=F4System
SYSCLASSIFYNAME=GH3
BASEFAMILY=82991e0c-77b9-45a6-b49d-525d04e1e26e.fam
OBJECTMODELPOINTER=82991e0c-77b9-45a6-b49d-525d04e1e26e.dev
TRANSFORMMATRIX=6.12323399573677E-17,1,0,0,-1,6.12323399573677E-17,0,0,0,0,1,0,69399.5267396406,30715.1034782719,4350,1
SUBDEVICES.NUM=0
SUBLOGICALMODELS.NUM=0
