ENTITYNAME=F4System
SYSCLASSIFYNAME=GY5
BASEFAMILY=7689cad6-c274-46fe-865d-5721ea2f8ddd.fam
OBJECTMODELPOINTER=7689cad6-c274-46fe-865d-5721ea2f8ddd.dev
TRANSFORMMATRIX=6.12323399573677E-17,1,0,0,-1,6.12323399573677E-17,0,0,0,0,1,0,57317.6922914453,24563.5693517343,7000,1
SUBDEVICES.NUM=0
SUBLOGICALMODELS.NUM=0
