ENTITYNAME=F4System
SYSCLASSIFYNAME=GH2
BASEFAMILY=187f081b-f4a4-43a8-b091-a9b3db57a589.fam
OBJECTMODELPOINTER=187f081b-f4a4-43a8-b091-a9b3db57a589.dev
TRANSFORMMATRIX=1,0,0,0,0,1,0,0,0,0,1,0,30352.6090985652,17732.1108563505,9000,1
SUBDEVICES.NUM=0
SUBLOGICALMODELS.NUM=0
