ENTITYNAME=F4System
SYSCLASSIFYNAME=GH2
BASEFAMILY=100b27d4-560f-4573-b2cc-e47448685a57.fam
OBJECTMODELPOINTER=100b27d4-560f-4573-b2cc-e47448685a57.dev
TRANSFORMMATRIX=6.12323399573677E-17,1,0,0,-1,6.12323399573677E-17,0,0,0,0,1,0,62249.9999999989,18485.699508118,4200,1
SUBDEVICES.NUM=0
SUBLOGICALMODELS.NUM=0
