ENTITYNAME=F4System
SYSCLASSIFYNAME=GJ4
BASEFAMILY=79c04945-382d-47df-b281-5afdda34f94c.fam
OBJECTMODELPOINTER=79c04945-382d-47df-b281-5afdda34f94c.dev
TRANSFORMMATRIX=-1,1.22464679914735E-16,0,0,-1.22464679914735E-16,-1,0,0,0,0,1,0,30659.1738779426,15700.0000000004,7599.99999999999,1
SUBDEVICES.NUM=0
SUBLOGICALMODELS.NUM=0
