ENTITYNAME=F4System
SYSCLASSIFYNAME=DLM
BASEFAMILY=86f2beea-b5f7-4610-a72b-a46a31e4dccc.fam
OBJECTMODELPOINTER=86f2beea-b5f7-4610-a72b-a46a31e4dccc.dev
TRANSFORMMATRIX=1,0,0,0,0,1,0,0,0,0,1,0,66999.9999999989,29699.9999999984,1000,1
SUBDEVICES.NUM=0
SUBLOGICALMODELS.NUM=0
