ENTITYNAME=F4System
SYSCLASSIFYNAME=AA1
BASEFAMILY=50d426a0-178b-4cb8-9590-a19dfc763768.fam
OBJECTMODELPOINTER=50d426a0-178b-4cb8-9590-a19dfc763768.dev
TRANSFORMMATRIX=1,0,0,0,0,1,0,0,0,0,1,0,59500.5809324603,29600.000000148,9150,1
SUBDEVICES.NUM=0
SUBLOGICALMODELS.NUM=0
