ENTITYNAME=F4System
SYSCLASSIFYNAME=&DRQ
BASEFAMILY=d2c306fe-fd85-4b8f-82cd-c8bbeffb7d21.fam
OBJECTMODELPOINTER=bc2d422b-516f-4ab9-89a7-fbbff0a2ef43.dev
TRANSFORMMATRIX=1,0,0,0,0,1,0,0,0,0,1,0,54310.0000000004,16309.9999999981,6300,1
SUBDEVICES.NUM=9
SUBDEVICE0=f6aff4f8-3826-4f60-8ddb-54687afbe567.cbm
SUBDEVICE1=8eba8f8b-b65a-4cd1-b00b-5181a136c60e.cbm
SUBDEVICE2=583fb8e5-0d7a-46ed-ac89-7bc75d80dd85.cbm
SUBDEVICE3=0ee93b92-0931-41dd-a4d8-f63e95b7614d.cbm
SUBDEVICE4=8b0cb013-883a-48f1-991b-9bf936547987.cbm
SUBDEVICE5=0b308308-2249-415a-81e3-0ee7f29b5fe8.cbm
SUBDEVICE6=5b5eee6a-fddd-4e3a-afe9-40c9cab34edc.cbm
SUBDEVICE7=2cd04ead-a48d-4978-8ac0-d21815f3e8ae.cbm
SUBDEVICE8=2db22544-8fc0-4a18-8b73-b19b826b52fc.cbm
SUBLOGICALMODELS.NUM=0
