ENTITYNAME=F4System
SYSCLASSIFYNAME=SGB
BASEFAMILY=4904fe70-41a5-4ab1-b7ef-c88534567bd1.fam
OBJECTMODELPOINTER=4904fe70-41a5-4ab1-b7ef-c88534567bd1.dev
TRANSFORMMATRIX=1,0,0,0,0,1,0,0,0,0,1,0,68185.8924111843,29600.0000001478,3700,1
SUBDEVICES.NUM=0
SUBLOGICALMODELS.NUM=0
