ENTITYNAME=F4System
SYSCLASSIFYNAME=GH3
BASEFAMILY=5d978ae7-23c3-4bbc-ac87-612185b55f8d.fam
OBJECTMODELPOINTER=5d978ae7-23c3-4bbc-ac87-612185b55f8d.dev
TRANSFORMMATRIX=6.12323399573677E-17,1,0,0,-1,6.12323399573677E-17,0,0,0,0,1,0,7472.96921145023,4289.44448604361,3300,1
SUBDEVICES.NUM=0
SUBLOGICALMODELS.NUM=0
