ENTITYNAME=F4System
SYSCLASSIFYNAME=GY5
BASEFAMILY=1c7bf64b-d146-4be0-a0ab-72138378f064.fam
OBJECTMODELPOINTER=1c7bf64b-d146-4be0-a0ab-72138378f064.dev
TRANSFORMMATRIX=-1.83697019872103E-16,-1,0,0,1,-1.83697019872103E-16,0,0,0,0,1,0,42582.3077085543,29297.7524290472,5500,1
SUBDEVICES.NUM=0
SUBLOGICALMODELS.NUM=0
