ENTITYNAME=F4System
SYSCLASSIFYNAME=GY5
BASEFAMILY=91fc7ba4-8c3e-4979-8600-00f28589b05d.fam
OBJECTMODELPOINTER=91fc7ba4-8c3e-4979-8600-00f28589b05d.dev
TRANSFORMMATRIX=-1.83697019872103E-16,-1,0,0,1,-1.83697019872103E-16,0,0,0,0,1,0,74182.3077085557,20501.2211688434,7000,1
SUBDEVICES.NUM=0
SUBLOGICALMODELS.NUM=0
