ENTITYNAME=F4System
SYSCLASSIFYNAME=G_H_6
BASEFAMILY=48af8116-7ec9-4be3-87a9-467727454b66.fam
OBJECTMODELPOINTER=f7dc157e-42c3-4ee1-a950-94fe5d5a517d.dev
TRANSFORMMATRIX=1,0,0,0,0,1,0,0,0,0,1,0,57704.4685800531,17135,1450.54874352957,1
SUBDEVICES.NUM=1
SUBDEVICE0=9b9eaca3-6087-4234-93fc-203bb44c01b3.cbm
SUBLOGICALMODELS.NUM=0
