ENTITYNAME=F4System
SYSCLASSIFYNAME=DLM
BASEFAMILY=1b010f25-aa6d-4443-81b8-f7eeaab5ae37.fam
OBJECTMODELPOINTER=1b010f25-aa6d-4443-81b8-f7eeaab5ae37.dev
TRANSFORMMATRIX=-2.71834567430178E-16,1,0,0,-1,-2.71834567430178E-16,0,0,0,0,1,0,64285.0000000119,11963.2966775549,1000,1
SUBDEVICES.NUM=0
SUBLOGICALMODELS.NUM=0
