ENTITYNAME=F4System
SYSCLASSIFYNAME=SGB
BASEFAMILY=49dbc30e-1db8-4bbd-b4e9-b472c53f6931.fam
OBJECTMODELPOINTER=49dbc30e-1db8-4bbd-b4e9-b472c53f6931.dev
TRANSFORMMATRIX=1,2.71050543121374E-20,-3.46944695195361E-18,0,3.46944695195358E-18,4.25524269912494E-16,1,0,6.77626357803434E-20,-1,4.13381205580656E-16,0,27164.0275292662,13639.9999999999,999.999999999954,1
SUBDEVICES.NUM=0
SUBLOGICALMODELS.NUM=0
