ENTITYNAME=F4System
SYSCLASSIFYNAME=GH2
BASEFAMILY=822c3628-62f8-48f5-9c1c-c11468807a67.fam
OBJECTMODELPOINTER=822c3628-62f8-48f5-9c1c-c11468807a67.dev
TRANSFORMMATRIX=6.12323399573677E-17,1,0,0,-1,6.12323399573677E-17,0,0,0,0,1,0,39899.9999684494,15619.4033000546,9800,1
SUBDEVICES.NUM=0
SUBLOGICALMODELS.NUM=0
