ENTITYNAME=F4System
SYSCLASSIFYNAME=GH2
BASEFAMILY=4ca90708-9220-4376-84b2-0fb5d0b83297.fam
OBJECTMODELPOINTER=4ca90708-9220-4376-84b2-0fb5d0b83297.dev
TRANSFORMMATRIX=6.12323399573677E-17,1,0,0,-1,6.12323399573677E-17,0,0,0,0,1,0,29250.0000000018,14885.699508118,4200,1
SUBDEVICES.NUM=0
SUBLOGICALMODELS.NUM=0
