ENTITYNAME=F4System
SYSCLASSIFYNAME=BB5
BASEFAMILY=3cb168a6-d4aa-4f4f-a307-e63084ee84c6.fam
OBJECTMODELPOINTER=3cb168a6-d4aa-4f4f-a307-e63084ee84c6.dev
TRANSFORMMATRIX=1,0,0,0,0,1,0,0,0,0,1,0,61500.0000000019,15361.2767676623,6100,1
SUBDEVICES.NUM=0
SUBLOGICALMODELS.NUM=0
