ENTITYNAME=F4System
SYSCLASSIFYNAME=&GIS
BASEFAMILY=c13d1542-509f-4db6-9a46-711649c61087.fam
OBJECTMODELPOINTER=94eb9d56-6352-4fc8-964a-37fb31d1e5e0.dev
TRANSFORMMATRIX=-1.83697019872103E-16,-1,0,0,1,-1.83697019872103E-16,0,0,0,0,1,0,69550.1950296917,19099.9985900933,1510,1
SUBDEVICES.NUM=6
SUBDEVICE0=1222c345-1e85-4d82-bc24-06f9749e588e.cbm
SUBDEVICE1=7403c15e-02a6-418f-b342-746dd76ae31a.cbm
SUBDEVICE2=dbf5e25d-ba6a-42d7-abf3-c973992f8653.cbm
SUBDEVICE3=fe14bdf7-1663-4453-a03e-0af85db2cdbf.cbm
SUBDEVICE4=4600dda0-ba56-4596-9161-824cd1b767a8.cbm
SUBDEVICE5=0fb4af67-17df-4cb0-a657-ed9d4ebf762c.cbm
SUBLOGICALMODELS.NUM=0
