ENTITYNAME=F4System
SYSCLASSIFYNAME=GJ7
BASEFAMILY=18f0a622-99f6-4e9f-8d1c-490b5ba11bde.fam
OBJECTMODELPOINTER=18f0a622-99f6-4e9f-8d1c-490b5ba11bde.dev
TRANSFORMMATRIX=6.12323399573677E-17,1,0,0,-1,6.12323399573677E-17,0,0,0,0,1,0,30181.697618207,11802.4058060901,8600,1
SUBDEVICES.NUM=0
SUBLOGICALMODELS.NUM=0
