ENTITYNAME=F4System
SYSCLASSIFYNAME=GH2
BASEFAMILY=198c984f-58df-4726-9859-50e7d4bdcdac.fam
OBJECTMODELPOINTER=198c984f-58df-4726-9859-50e7d4bdcdac.dev
TRANSFORMMATRIX=1,0,0,0,0,1,0,0,0,0,1,0,8039.59977248432,12405.854896049,-1200,1
SUBDEVICES.NUM=0
SUBLOGICALMODELS.NUM=0
