ENTITYNAME=F4System
SYSCLASSIFYNAME=GJ4
BASEFAMILY=448e96d7-d02f-4a0b-b561-41a134ea600f.fam
OBJECTMODELPOINTER=448e96d7-d02f-4a0b-b561-41a134ea600f.dev
TRANSFORMMATRIX=-1,1.22464679914735E-16,0,0,-1.22464679914735E-16,-1,0,0,0,0,1,0,68110.4836163519,30000.0000000007,2800,1
SUBDEVICES.NUM=0
SUBLOGICALMODELS.NUM=0
