ENTITYNAME=F4System
SYSCLASSIFYNAME=GH3
BASEFAMILY=2530a55f-0c4e-45f4-b62e-e9a75b326746.fam
OBJECTMODELPOINTER=2530a55f-0c4e-45f4-b62e-e9a75b326746.dev
TRANSFORMMATRIX=6.12323399573677E-17,1,0,0,-1,6.12323399573677E-17,0,0,0,0,1,0,28956.7752500107,11944.2200393695,6080,1
SUBDEVICES.NUM=0
SUBLOGICALMODELS.NUM=0
