ENTITYNAME=F4System
SYSCLASSIFYNAME=GJ5
BASEFAMILY=807e4a87-e322-4bf1-b5e8-20dfd08bf167.fam
OBJECTMODELPOINTER=807e4a87-e322-4bf1-b5e8-20dfd08bf167.dev
TRANSFORMMATRIX=-1,8.99620797152338E-16,5.55111512312573E-17,0,5.43669134860353E-16,-1,-2.49800180540658E-16,0,-4.44089209850063E-16,-5.55111512312578E-16,1,0,24635.3576849212,13599.999999999,2800.00000000001,1
SUBDEVICES.NUM=0
SUBLOGICALMODELS.NUM=0
