ENTITYNAME=F4System
SYSCLASSIFYNAME=GH4
BASEFAMILY=70b5583c-f3eb-4dce-af5e-fabc94225920.fam
OBJECTMODELPOINTER=70b5583c-f3eb-4dce-af5e-fabc94225920.dev
TRANSFORMMATRIX=1,0,0,0,0,1,0,0,0,0,1,0,34400.2447320836,17700.0000000015,5100,1
SUBDEVICES.NUM=0
SUBLOGICALMODELS.NUM=0
