ENTITYNAME=F4System
SYSCLASSIFYNAME=GJ9
BASEFAMILY=7904c600-3dba-4e8b-82ac-f38dd551c337.fam
OBJECTMODELPOINTER=7904c600-3dba-4e8b-82ac-f38dd551c337.dev
TRANSFORMMATRIX=-1,1.22464679914735E-16,0,0,-1.22464679914735E-16,-1,0,0,0,0,1,0,69999.3454803489,10400,11600,1
SUBDEVICES.NUM=0
SUBLOGICALMODELS.NUM=0
