ENTITYNAME=F4System
SYSCLASSIFYNAME=GH2
BASEFAMILY=4d2d7c7d-8914-4b91-aa5a-dd929a993f0a.fam
OBJECTMODELPOINTER=4d2d7c7d-8914-4b91-aa5a-dd929a993f0a.dev
TRANSFORMMATRIX=6.12323399573677E-17,1,0,0,-1,6.12323399573677E-17,0,0,0,0,1,0,42899.999968449,17417.6450494539,9800,1
SUBDEVICES.NUM=0
SUBLOGICALMODELS.NUM=0
