ENTITYNAME=F4System
SYSCLASSIFYNAME=HH1
BASEFAMILY=876d059d-738c-4277-acbb-5916d8e043c4.fam
OBJECTMODELPOINTER=876d059d-738c-4277-acbb-5916d8e043c4.dev
TRANSFORMMATRIX=-1,1.22464679914735E-16,0,0,-1.22464679914735E-16,-1,0,0,0,0,1,0,14599.9999998931,279.611810284792,1050,1
SUBDEVICES.NUM=0
SUBLOGICALMODELS.NUM=0
