ENTITYNAME=F4System
SYSCLASSIFYNAME=BB0
BASEFAMILY=35a406eb-3a17-44b1-9fd7-c69e23932c54.fam
OBJECTMODELPOINTER=35a406eb-3a17-44b1-9fd7-c69e23932c54.dev
TRANSFORMMATRIX=-1,1.22464679914735E-16,0,0,-1.22464679914735E-16,-1,0,0,0,0,1,0,24881.7314169449,17300.0000000009,4000,1
SUBDEVICES.NUM=0
SUBLOGICALMODELS.NUM=0
