ENTITYNAME=F4System
SYSCLASSIFYNAME=GH2
BASEFAMILY=0b5f3675-e1d8-42ae-a683-671fac133e28.fam
OBJECTMODELPOINTER=0b5f3675-e1d8-42ae-a683-671fac133e28.dev
TRANSFORMMATRIX=6.12323399573677E-17,1,0,0,-1,6.12323399573677E-17,0,0,0,0,1,0,33899.9999684494,19080.3053709606,9800,1
SUBDEVICES.NUM=0
SUBLOGICALMODELS.NUM=0
