ENTITYNAME=F4System
SYSCLASSIFYNAME=GH3
BASEFAMILY=568666bc-4ec6-4eb3-b4a0-026375c84d60.fam
OBJECTMODELPOINTER=568666bc-4ec6-4eb3-b4a0-026375c84d60.dev
TRANSFORMMATRIX=6.12323399573677E-17,1,0,0,-1,6.12323399573677E-17,0,0,0,0,1,0,30500.0000000272,30715.1034782719,4350,1
SUBDEVICES.NUM=0
SUBLOGICALMODELS.NUM=0
