ENTITYNAME=F4System
SYSCLASSIFYNAME=GH2
BASEFAMILY=1a6f130d-2c96-4b94-af49-9b744d1b80e5.fam
OBJECTMODELPOINTER=1a6f130d-2c96-4b94-af49-9b744d1b80e5.dev
TRANSFORMMATRIX=6.12323399573677E-17,1,0,0,-1,6.12323399573677E-17,0,0,0,0,1,0,56100.0000000063,17974.9999999995,9800,1
SUBDEVICES.NUM=0
SUBLOGICALMODELS.NUM=0
