ENTITYNAME=F4System
SYSCLASSIFYNAME=FJK
BASEFAMILY=3eaadd4e-a2f1-467f-ae38-376d78968748.fam
OBJECTMODELPOINTER=3eaadd4e-a2f1-467f-ae38-376d78968748.dev
TRANSFORMMATRIX=-1,1.22464679914735E-16,0,0,-1.22464679914735E-16,-1,0,0,0,0,1,0,73185.5679113448,13600.0000001477,2750,1
SUBDEVICES.NUM=0
SUBLOGICALMODELS.NUM=0
