ENTITYNAME=F4System
SYSCLASSIFYNAME=GY0
BASEFAMILY=48a65373-53f3-4d77-85fc-99dabc7090dc.fam
OBJECTMODELPOINTER=48a65373-53f3-4d77-85fc-99dabc7090dc.dev
TRANSFORMMATRIX=1,0,0,0,0,1,0,0,0,0,1,0,26711.2320996672,16880.0000000008,4169,1
SUBDEVICES.NUM=0
SUBLOGICALMODELS.NUM=0
