ENTITYNAME=F4System
SYSCLASSIFYNAME=CC1
BASEFAMILY=1225692d-5ee3-4d2e-adea-0cc976ee73fd.fam
OBJECTMODELPOINTER=1225692d-5ee3-4d2e-adea-0cc976ee73fd.dev
TRANSFORMMATRIX=-1,1.22464679914735E-16,0,0,-1.22464679914735E-16,-1,0,0,0,0,1,0,42780,12825.0000000001,6540,1
SUBDEVICES.NUM=0
SUBLOGICALMODELS.NUM=0
