ENTITYNAME=F4System
SYSCLASSIFYNAME=XFD
BASEFAMILY=1fab2c34-07ba-4057-b9b6-1a82717efa21.fam
OBJECTMODELPOINTER=1fab2c34-07ba-4057-b9b6-1a82717efa21.dev
TRANSFORMMATRIX=-1,1.22464679914735E-16,0,0,-1.22464679914735E-16,-1,0,0,0,0,1,0,9885.98413440754,9100.00062787415,1800,1
SUBDEVICES.NUM=0
SUBLOGICALMODELS.NUM=0
