ENTITYNAME=F4System
SYSCLASSIFYNAME=&GTJ
BASEFAMILY=038cd1ac-62f6-481f-ba44-4002718d43ff.fam
OBJECTMODELPOINTER=038cd1ac-62f6-481f-ba44-4002718d43ff.dev
TRANSFORMMATRIX=1,0,0,0,0,1,0,0,0,0,1,0,31504.0841833385,25616.9540907779,2260.03488810176,1
SUBDEVICES.NUM=0
SUBLOGICALMODELS.NUM=0
