ENTITYNAME=F4System
SYSCLASSIFYNAME=&FHF
BASEFAMILY=74308d74-9701-4b7f-8852-7c70b6658beb.fam
OBJECTMODELPOINTER=74308d74-9701-4b7f-8852-7c70b6658beb.dev
TRANSFORMMATRIX=1,0,0,0,0,1,0,0,0,0,1,0,72704.9992756268,10239.9999999999,-1310.00000000745,1
SUBDEVICES.NUM=0
SUBLOGICALMODELS.NUM=0
