ENTITYNAME=F4System
SYSCLASSIFYNAME=GWG
BASEFAMILY=97e7810f-4933-4106-8ca4-3feadf01a279.fam
OBJECTMODELPOINTER=97e7810f-4933-4106-8ca4-3feadf01a279.dev
TRANSFORMMATRIX=1,0,0,0,0,1,0,0,0,0,1,0,9408.56179679643,8280.12580272175,-500,1
SUBDEVICES.NUM=0
SUBLOGICALMODELS.NUM=0
