ENTITYNAME=F4System
SYSCLASSIFYNAME=GJ5
BASEFAMILY=60a2ad6a-9e1a-43b4-8b3c-0f8bdd755d3a.fam
OBJECTMODELPOINTER=60a2ad6a-9e1a-43b4-8b3c-0f8bdd755d3a.dev
TRANSFORMMATRIX=6.12323399573677E-17,1,0,0,-1,6.12323399573677E-17,0,0,0,0,1,0,64600,10853.1523103526,2800,1
SUBDEVICES.NUM=0
SUBLOGICALMODELS.NUM=0
