ENTITYNAME=F4System
SYSCLASSIFYNAME=G_H_6
BASEFAMILY=12f2e310-9100-4260-953a-9f860244e0cd.fam
OBJECTMODELPOINTER=f7dc157e-42c3-4ee1-a950-94fe5d5a517d.dev
TRANSFORMMATRIX=-1,1.22464679914735E-16,0,0,-1.22464679914735E-16,-1,0,0,0,0,1,0,44308.8615425043,12365,1450,1
SUBDEVICES.NUM=1
SUBDEVICE0=50589381-c867-43b1-8f94-3e7bd2a65582.cbm
SUBLOGICALMODELS.NUM=0
