ENTITYNAME=F4System
SYSCLASSIFYNAME=GJ8
BASEFAMILY=8dc2e960-6312-4a77-b599-c0edac332b2b.fam
OBJECTMODELPOINTER=8dc2e960-6312-4a77-b599-c0edac332b2b.dev
TRANSFORMMATRIX=-1.83697019872103E-16,-1,0,0,1,-1.83697019872103E-16,0,0,0,0,1,0,74581.0000000243,15500.2033614616,4169,1
SUBDEVICES.NUM=0
SUBLOGICALMODELS.NUM=0
