ENTITYNAME=F4System
SYSCLASSIFYNAME=GH2
BASEFAMILY=8cf94102-8fd6-4756-8def-e4d2bf0be76b.fam
OBJECTMODELPOINTER=8cf94102-8fd6-4756-8def-e4d2bf0be76b.dev
TRANSFORMMATRIX=6.12323399573677E-17,1,0,0,-1,6.12323399573677E-17,0,0,0,0,1,0,38249.9999999993,18485.6995081179,4200,1
SUBDEVICES.NUM=0
SUBLOGICALMODELS.NUM=0
