ENTITYNAME=F4System
SYSCLASSIFYNAME=GJ9
BASEFAMILY=08646895-7829-4f09-973d-95fdcc7e3bc4.fam
OBJECTMODELPOINTER=08646895-7829-4f09-973d-95fdcc7e3bc4.dev
TRANSFORMMATRIX=-1,1.22464679914735E-16,0,0,-1.22464679914735E-16,-1,0,0,0,0,1,0,72900.0000000026,10400,1800,1
SUBDEVICES.NUM=0
SUBLOGICALMODELS.NUM=0
