ENTITYNAME=F4System
SYSCLASSIFYNAME=G_H_6
BASEFAMILY=9a6cb832-d67b-47c5-b143-d52582c246ae.fam
OBJECTMODELPOINTER=f7dc157e-42c3-4ee1-a950-94fe5d5a517d.dev
TRANSFORMMATRIX=-1,1.22464679914735E-16,0,0,-1.22464679914735E-16,-1,0,0,0,0,1,0,52103.1331196445,12365,1450,1
SUBDEVICES.NUM=1
SUBDEVICE0=72fa2b04-fe97-4fb9-a7a6-e9814dcf3007.cbm
SUBLOGICALMODELS.NUM=0
