ENTITYNAME=F4System
SYSCLASSIFYNAME=GYT
BASEFAMILY=7f64a451-c034-461c-b8a9-9f73dafc8814.fam
OBJECTMODELPOINTER=7f64a451-c034-461c-b8a9-9f73dafc8814.dev
TRANSFORMMATRIX=1,0,0,0,0,1,0,0,0,0,1,0,28724.1616025744,11963.9746166289,9700,1
SUBDEVICES.NUM=0
SUBLOGICALMODELS.NUM=0
