ENTITYNAME=F4System
SYSCLASSIFYNAME=GJ8
BASEFAMILY=865eab52-2cda-4e08-9aaa-3fa04592e8f5.fam
OBJECTMODELPOINTER=865eab52-2cda-4e08-9aaa-3fa04592e8f5.dev
TRANSFORMMATRIX=-1,1.27103528959279E-15,-2.69510185252593E-15,0,6.12323399573675E-17,-1,1.37435376493049E-15,0,-2.7228574281416E-15,2.36375164689744E-16,1,0,27705.5445274295,13640.0000001478,-599.999999999918,1
SUBDEVICES.NUM=0
SUBLOGICALMODELS.NUM=0
