ENTITYNAME=F4System
SYSCLASSIFYNAME=GJ9
BASEFAMILY=960a9c3c-97dd-4324-8964-742f822d6cfa.fam
OBJECTMODELPOINTER=960a9c3c-97dd-4324-8964-742f822d6cfa.dev
TRANSFORMMATRIX=-1.05301113736405E-16,-1,0,0,1,-1.05301113736405E-16,0,0,0,0,1,0,12766.0000000492,14086.4840274863,600,1
SUBDEVICES.NUM=0
SUBLOGICALMODELS.NUM=0
