ENTITYNAME=F4System
SYSCLASSIFYNAME=GJ4
BASEFAMILY=5c87cb86-a817-41d6-afb2-a16a73af4005.fam
OBJECTMODELPOINTER=5c87cb86-a817-41d6-afb2-a16a73af4005.dev
TRANSFORMMATRIX=-1.83697019872103E-16,-1,0,0,1,-1.83697019872103E-16,0,0,0,0,1,0,12766.0000000484,10417.8905588441,1600,1
SUBDEVICES.NUM=0
SUBLOGICALMODELS.NUM=0
