ENTITYNAME=F4System
SYSCLASSIFYNAME=DLM
BASEFAMILY=8cea1c3a-76b8-4da4-b072-da4025c5816a.fam
OBJECTMODELPOINTER=8cea1c3a-76b8-4da4-b072-da4025c5816a.dev
TRANSFORMMATRIX=1,0,0,0,0,-4.97899625051475E-17,1,0,0,-1,-4.97899625051475E-17,0,54562.1449093744,20000.0000001478,3755,1
SUBDEVICES.NUM=0
SUBLOGICALMODELS.NUM=0
