ENTITYNAME=F4System
SYSCLASSIFYNAME=SDB
BASEFAMILY=4b1b82d0-8532-4350-bc17-332f1fe348cb.fam
OBJECTMODELPOINTER=4b1b82d0-8532-4350-bc17-332f1fe348cb.dev
TRANSFORMMATRIX=-1,1.22464679914735E-16,0,0,-1.22464679914735E-16,-1,0,0,0,0,1,0,10223.829547976,9100.00000000347,1800,1
SUBDEVICES.NUM=0
SUBLOGICALMODELS.NUM=0
