ENTITYNAME=F4System
SYSCLASSIFYNAME=GY5
BASEFAMILY=6886da30-54d8-46f4-b2af-ab50421037ed.fam
OBJECTMODELPOINTER=6886da30-54d8-46f4-b2af-ab50421037ed.dev
TRANSFORMMATRIX=-1.83697019872103E-16,-1,0,0,1,-1.83697019872103E-16,0,0,0,0,1,0,37182.3077085536,28910.6125457271,7000,1
SUBDEVICES.NUM=0
SUBLOGICALMODELS.NUM=0
