ENTITYNAME=F4System
SYSCLASSIFYNAME=GH3
BASEFAMILY=42934ec6-ec8f-4c8f-aee2-431ba57b0a5e.fam
OBJECTMODELPOINTER=42934ec6-ec8f-4c8f-aee2-431ba57b0a5e.dev
TRANSFORMMATRIX=6.12323399573677E-17,1,0,0,-1,6.12323399573677E-17,0,0,0,0,1,0,7735.54351479934,9848.60022914634,3300,1
SUBDEVICES.NUM=0
SUBLOGICALMODELS.NUM=0
