ENTITYNAME=F4System
SYSCLASSIFYNAME=BB6
BASEFAMILY=3728dcac-9b62-488b-baa5-af582962b301.fam
OBJECTMODELPOINTER=3728dcac-9b62-488b-baa5-af582962b301.dev
TRANSFORMMATRIX=1,0,0,0,0,1,0,0,0,0,1,0,37500.0000000002,13800.3275227613,10150,1
SUBDEVICES.NUM=0
SUBLOGICALMODELS.NUM=0
