ENTITYNAME=F4System
SYSCLASSIFYNAME=CC4
BASEFAMILY=94cc7877-2b64-46b9-81ba-08bf4883aebc.fam
OBJECTMODELPOINTER=94cc7877-2b64-46b9-81ba-08bf4883aebc.dev
TRANSFORMMATRIX=6.12323399573677E-17,1,0,0,-1,6.12323399573677E-17,0,0,0,0,1,0,12791.0000000561,14295,539.999999999999,1
SUBDEVICES.NUM=0
SUBLOGICALMODELS.NUM=0
