ENTITYNAME=F4System
SYSCLASSIFYNAME=AA5
BASEFAMILY=149db348-3616-4a38-96d1-71b1fdf5f216.fam
OBJECTMODELPOINTER=149db348-3616-4a38-96d1-71b1fdf5f216.dev
TRANSFORMMATRIX=1,0,0,0,0,1,0,0,0,0,1,0,34099.7148601112,15999.7073515637,10300,1
SUBDEVICES.NUM=0
SUBLOGICALMODELS.NUM=0
