ENTITYNAME=F4System
SYSCLASSIFYNAME=GH2
BASEFAMILY=6308c78f-2c8a-4e8a-a6a9-5ed291b47296.fam
OBJECTMODELPOINTER=6308c78f-2c8a-4e8a-a6a9-5ed291b47296.dev
TRANSFORMMATRIX=6.12323399573677E-17,1,0,0,-1,6.12323399573677E-17,0,0,0,0,1,0,35249.9999999994,18485.699508118,4200,1
SUBDEVICES.NUM=0
SUBLOGICALMODELS.NUM=0
