ENTITYNAME=F4System
SYSCLASSIFYNAME=GWG
BASEFAMILY=05bebd46-8044-4595-98de-7d709c1d6157.fam
OBJECTMODELPOINTER=05bebd46-8044-4595-98de-7d709c1d6157.dev
TRANSFORMMATRIX=1,0,0,0,0,1,0,0,0,0,1,0,54092.3837753445,15073.0376804225,6100,1
SUBDEVICES.NUM=0
SUBLOGICALMODELS.NUM=0
