ENTITYNAME=F4System
SYSCLASSIFYNAME=AA1
BASEFAMILY=2db39306-a71d-42c6-88e2-fe2614609b30.fam
OBJECTMODELPOINTER=2db39306-a71d-42c6-88e2-fe2614609b30.dev
TRANSFORMMATRIX=-1,1.22464679914735E-16,0,0,-1.22464679914735E-16,-1,0,0,0,0,1,0,51520.2588346226,10399.9999999996,9150,1
SUBDEVICES.NUM=0
SUBLOGICALMODELS.NUM=0
