ENTITYNAME=F4System
SYSCLASSIFYNAME=EE9
BASEFAMILY=716f25b9-6284-40c3-a860-f637e80c732d.fam
OBJECTMODELPOINTER=716f25b9-6284-40c3-a860-f637e80c732d.dev
TRANSFORMMATRIX=1,0,0,0,0,1,0,0,0,0,1,0,34300.030674855,11444.9999999959,-1200,1
SUBDEVICES.NUM=0
SUBLOGICALMODELS.NUM=0
