ENTITYNAME=F4System
SYSCLASSIFYNAME=GH2
BASEFAMILY=7d1f6e6f-daf5-42f9-88ca-882dfa0d5fbf.fam
OBJECTMODELPOINTER=7d1f6e6f-daf5-42f9-88ca-882dfa0d5fbf.dev
TRANSFORMMATRIX=6.12323399573677E-17,1,0,0,-1,6.12323399573677E-17,0,0,0,0,1,0,11025.036256399,7099.77527618186,3000,1
SUBDEVICES.NUM=0
SUBLOGICALMODELS.NUM=0
