ENTITYNAME=F4System
SYSCLASSIFYNAME=CC1
BASEFAMILY=1670c55a-515d-4f6c-a806-6076fb3fbfce.fam
OBJECTMODELPOINTER=1670c55a-515d-4f6c-a806-6076fb3fbfce.dev
TRANSFORMMATRIX=1,0,0,0,0,1,0,0,0,0,1,0,69737.6291297771,10375.0000000001,11200,1
SUBDEVICES.NUM=0
SUBLOGICALMODELS.NUM=0
