ENTITYNAME=F4System
SYSCLASSIFYNAME=GH2
BASEFAMILY=663bfb7e-a339-4b92-9cae-503996ffd349.fam
OBJECTMODELPOINTER=663bfb7e-a339-4b92-9cae-503996ffd349.dev
TRANSFORMMATRIX=1,0,0,0,0,1,0,0,0,0,1,0,32770.5976738774,11996.1774139199,4200,1
SUBDEVICES.NUM=0
SUBLOGICALMODELS.NUM=0
