ENTITYNAME=F4System
SYSCLASSIFYNAME=GH3
BASEFAMILY=5f43ac80-f21a-4dd8-b542-11958fed132c.fam
OBJECTMODELPOINTER=5f43ac80-f21a-4dd8-b542-11958fed132c.dev
TRANSFORMMATRIX=6.12323399573677E-17,1,0,0,-1,6.12323399573677E-17,0,0,0,0,1,0,70736.4037276852,11945.8318298319,6080,1
SUBDEVICES.NUM=0
SUBLOGICALMODELS.NUM=0
