ENTITYNAME=F4System
SYSCLASSIFYNAME=GH3
BASEFAMILY=8cfa24ef-0787-496a-bcc2-fc16fbc7fb39.fam
OBJECTMODELPOINTER=8cfa24ef-0787-496a-bcc2-fc16fbc7fb39.dev
TRANSFORMMATRIX=6.12323399573677E-17,1,0,0,-1,6.12323399573677E-17,0,0,0,0,1,0,11689.9692114487,4289.44448604436,3300,1
SUBDEVICES.NUM=0
SUBLOGICALMODELS.NUM=0
