ENTITYNAME=F4System
SYSCLASSIFYNAME=Z_J_2
BASEFAMILY=19202536-aeb9-4213-b4ff-0ef78f919b38.fam
OBJECTMODELPOINTER=19202536-aeb9-4213-b4ff-0ef78f919b38.dev
TRANSFORMMATRIX=0.760870904578095,0.648903279824129,0,0,-0.648903279824129,0.760870904578095,0,0,0,0,1,0,37830.5960562703,14488.7932888589,-1584.37814438441,1
SUBDEVICES.NUM=0
SUBLOGICALMODELS.NUM=0
