ENTITYNAME=F4System
SYSCLASSIFYNAME=GH0
BASEFAMILY=4ceb1c9c-992a-47ca-8b33-d2ae9d565d34.fam
OBJECTMODELPOINTER=4ceb1c9c-992a-47ca-8b33-d2ae9d565d34.dev
TRANSFORMMATRIX=-1,1.22464679914735E-16,0,0,-1.22464679914735E-16,-1,0,0,0,0,1,0,58099.9999999995,10400.0000001481,5149.99999999995,1
SUBDEVICES.NUM=0
SUBLOGICALMODELS.NUM=0
