ENTITYNAME=F4System
SYSCLASSIFYNAME=SDB
BASEFAMILY=8eeffce9-8e3c-40ce-8873-4f8fbf775b47.fam
OBJECTMODELPOINTER=8eeffce9-8e3c-40ce-8873-4f8fbf775b47.dev
TRANSFORMMATRIX=-1,1.22464679914735E-16,0,0,-1.22464679914735E-16,-1,0,0,0,0,1,0,43660,12700,7800,1
SUBDEVICES.NUM=0
SUBLOGICALMODELS.NUM=0
