ENTITYNAME=F4System
SYSCLASSIFYNAME=EE6
BASEFAMILY=3c4598cf-7071-45b5-a538-7cdeaa068d66.fam
OBJECTMODELPOINTER=3c4598cf-7071-45b5-a538-7cdeaa068d66.dev
TRANSFORMMATRIX=6.12323399573677E-17,1,0,0,-1,6.12323399573677E-17,0,0,0,0,1,0,8591.00000005295,13785.000000002,-5900.05,1
SUBDEVICES.NUM=0
SUBLOGICALMODELS.NUM=0
