ENTITYNAME=F4System
SYSCLASSIFYNAME=DLM
BASEFAMILY=7ba0fe5e-3b43-4351-879f-2d6e6805213a.fam
OBJECTMODELPOINTER=7ba0fe5e-3b43-4351-879f-2d6e6805213a.dev
TRANSFORMMATRIX=1,0,0,0,0,-4.97899625051475E-17,1,0,0,-1,-4.97899625051475E-17,0,26956.6660715565,20000.0000001477,3755,1
SUBDEVICES.NUM=0
SUBLOGICALMODELS.NUM=0
