ENTITYNAME=F4System
SYSCLASSIFYNAME=GH4
BASEFAMILY=6d51f497-9917-4132-923e-f7c1b25ceac4.fam
OBJECTMODELPOINTER=6d51f497-9917-4132-923e-f7c1b25ceac4.dev
TRANSFORMMATRIX=-1,2.53201652600343E-17,0,0,-2.53201652600343E-17,-1,0,0,0,0,1,0,34999.9999999995,15700.0000000201,5100,1
SUBDEVICES.NUM=0
SUBLOGICALMODELS.NUM=0
