ENTITYNAME=F4System
SYSCLASSIFYNAME=GJ7
BASEFAMILY=2e3eeb6f-9ac6-438b-a93c-3a24c62d7c15.fam
OBJECTMODELPOINTER=2e3eeb6f-9ac6-438b-a93c-3a24c62d7c15.dev
TRANSFORMMATRIX=-1,-4.32646832397835E-16,-5.5511151231257E-17,0,-7.33087343458563E-16,-1,-1.66533453693771E-16,0,-5.55111512312579E-17,1.38777878078145E-17,1,0,46428.1324710909,12613.1581180574,8599.99999999999,1
SUBDEVICES.NUM=0
SUBLOGICALMODELS.NUM=0
