ENTITYNAME=F4System
SYSCLASSIFYNAME=GH4
BASEFAMILY=7efb15da-fdfa-4792-9875-cd74cda688e8.fam
OBJECTMODELPOINTER=7efb15da-fdfa-4792-9875-cd74cda688e8.dev
TRANSFORMMATRIX=1,0,0,0,0,1,0,0,0,0,1,0,36399.9999999996,14099.9999999978,5100,1
SUBDEVICES.NUM=0
SUBLOGICALMODELS.NUM=0
