ENTITYNAME=F4System
SYSCLASSIFYNAME=BB9
BASEFAMILY=9dac7ebc-d2c1-45cb-979d-89b38501e781.fam
OBJECTMODELPOINTER=9dac7ebc-d2c1-45cb-979d-89b38501e781.dev
TRANSFORMMATRIX=6.12323399573677E-17,1,0,0,-1,6.12323399573677E-17,0,0,0,0,1,0,13366.0000000561,9880,299.999999999999,1
SUBDEVICES.NUM=0
SUBLOGICALMODELS.NUM=0
