ENTITYNAME=F4System
SYSCLASSIFYNAME=GYT
BASEFAMILY=26dee729-cf17-41b6-aebf-7809abc3c89b.fam
OBJECTMODELPOINTER=26dee729-cf17-41b6-aebf-7809abc3c89b.dev
TRANSFORMMATRIX=1,0,0,0,0,1,0,0,0,0,1,0,28485.4207015246,18338.7670213312,6100,1
SUBDEVICES.NUM=0
SUBLOGICALMODELS.NUM=0
