ENTITYNAME=F4System
SYSCLASSIFYNAME=GH3
BASEFAMILY=770a7a24-09e8-4fb6-8953-6927777e019e.fam
OBJECTMODELPOINTER=770a7a24-09e8-4fb6-8953-6927777e019e.dev
TRANSFORMMATRIX=1,0,0,0,0,1,0,0,0,0,1,0,65503.9190901364,11973.8156737837,1300,1
SUBDEVICES.NUM=0
SUBLOGICALMODELS.NUM=0
