ENTITYNAME=F4System
SYSCLASSIFYNAME=GJ4
BASEFAMILY=34d98ccb-4ad5-4ebc-8a20-bee9e3608f72.fam
OBJECTMODELPOINTER=34d98ccb-4ad5-4ebc-8a20-bee9e3608f72.dev
TRANSFORMMATRIX=6.12323399573677E-17,1,0,0,-1,6.12323399573677E-17,0,0,0,0,1,0,74999.9999999993,16779.1817917151,2800,1
SUBDEVICES.NUM=0
SUBLOGICALMODELS.NUM=0
