ENTITYNAME=F4System
SYSCLASSIFYNAME=GH3
BASEFAMILY=5507363a-4f9a-4a37-8293-705d76a2a51c.fam
OBJECTMODELPOINTER=5507363a-4f9a-4a37-8293-705d76a2a51c.dev
TRANSFORMMATRIX=6.12323399573677E-17,1,0,0,-1,6.12323399573677E-17,0,0,0,0,1,0,61800.0000000259,9274.69223730161,4350,1
SUBDEVICES.NUM=0
SUBLOGICALMODELS.NUM=0
