ENTITYNAME=F4System
SYSCLASSIFYNAME=GJ7
BASEFAMILY=237b417d-1ace-4f5c-9c59-b35e8960d65e.fam
OBJECTMODELPOINTER=237b417d-1ace-4f5c-9c59-b35e8960d65e.dev
TRANSFORMMATRIX=-1,-1.16743491188625E-16,0,0,1.16743491188625E-16,-1,0,0,0,0,1,0,65739.9999999999,13594.7999999997,12820.0000000003,1
SUBDEVICES.NUM=0
SUBLOGICALMODELS.NUM=0
