ENTITYNAME=F4System
SYSCLASSIFYNAME=DLM
BASEFAMILY=3df9b30c-30da-49c0-8476-4801290f8d45.fam
OBJECTMODELPOINTER=3df9b30c-30da-49c0-8476-4801290f8d45.dev
TRANSFORMMATRIX=1,0,0,0,0,-4.97899625051475E-17,1,0,0,-1,-4.97899625051475E-17,0,33625.2843820274,19900.0000001466,3755,1
SUBDEVICES.NUM=0
SUBLOGICALMODELS.NUM=0
