ENTITYNAME=F4System
SYSCLASSIFYNAME=G_H_6
BASEFAMILY=0134fa1a-e3e8-4734-9a76-4fa6cae5c28e.fam
OBJECTMODELPOINTER=017946ae-dbdb-415a-8a76-868065427266.dev
TRANSFORMMATRIX=1,-2.44929359829471E-16,0,0,2.44929359829471E-16,1,0,0,0,0,1,0,54800.0000000002,17135,1450,1
SUBDEVICES.NUM=0
SUBLOGICALMODELS.NUM=0
