ENTITYNAME=F4System
SYSCLASSIFYNAME=GH2
BASEFAMILY=6646583c-fb4f-425c-b54b-4450b5b29a15.fam
OBJECTMODELPOINTER=6646583c-fb4f-425c-b54b-4450b5b29a15.dev
TRANSFORMMATRIX=6.12323399573677E-17,1,0,0,-1,6.12323399573677E-17,0,0,0,0,1,0,56249.9999999994,18485.699508118,4200,1
SUBDEVICES.NUM=0
SUBLOGICALMODELS.NUM=0
