ENTITYNAME=F4System
SYSCLASSIFYNAME=GH3
BASEFAMILY=73dc35e3-2dd2-4998-8ab8-ad41b11b2135.fam
OBJECTMODELPOINTER=73dc35e3-2dd2-4998-8ab8-ad41b11b2135.dev
TRANSFORMMATRIX=1,0,0,0,0,1,0,0,0,0,1,0,11436.4222613841,4289.44448604396,99.9999999999999,1
SUBDEVICES.NUM=0
SUBLOGICALMODELS.NUM=0
