ENTITYNAME=F4System
SYSCLASSIFYNAME=GH3
BASEFAMILY=8bd98ec1-3236-4527-887c-22302e27b883.fam
OBJECTMODELPOINTER=8bd98ec1-3236-4527-887c-22302e27b883.dev
TRANSFORMMATRIX=6.12323399573677E-17,1,0,0,-1,6.12323399573677E-17,0,0,0,0,1,0,43957.0000000272,30715.1034782719,4350,1
SUBDEVICES.NUM=0
SUBLOGICALMODELS.NUM=0
