ENTITYNAME=F4System
SYSCLASSIFYNAME=GH4
BASEFAMILY=4aba0030-1950-43de-bef7-5bfc501f85d1.fam
OBJECTMODELPOINTER=4aba0030-1950-43de-bef7-5bfc501f85d1.dev
TRANSFORMMATRIX=1,0,0,0,0,1,0,0,0,0,1,0,36400.2447320836,17700.0000000015,5100,1
SUBDEVICES.NUM=0
SUBLOGICALMODELS.NUM=0
