ENTITYNAME=F4System
SYSCLASSIFYNAME=GH4
BASEFAMILY=9f28cac6-a79c-40e4-b05d-f6685999ee0c.fam
OBJECTMODELPOINTER=9f28cac6-a79c-40e4-b05d-f6685999ee0c.dev
TRANSFORMMATRIX=1,0,0,0,0,1,0,0,0,0,1,0,37600.2448694276,17700.0000000015,5100,1
SUBDEVICES.NUM=0
SUBLOGICALMODELS.NUM=0
