ENTITYNAME=F4System
SYSCLASSIFYNAME=GWG
BASEFAMILY=071fb89c-d7e7-4f81-88ee-5a5af54a005c.fam
OBJECTMODELPOINTER=071fb89c-d7e7-4f81-88ee-5a5af54a005c.dev
TRANSFORMMATRIX=1,0,0,0,0,1,0,0,0,0,1,0,32092.3837753445,17809.6564599312,6100,1
SUBDEVICES.NUM=0
SUBLOGICALMODELS.NUM=0
