ENTITYNAME=F4System
SYSCLASSIFYNAME=GH3
BASEFAMILY=883c18a7-252a-4fe1-b956-d713cf35995d.fam
OBJECTMODELPOINTER=883c18a7-252a-4fe1-b956-d713cf35995d.dev
TRANSFORMMATRIX=1,0,0,0,0,1,0,0,0,0,1,0,51600.0000000003,17073.2256292272,1300,1
SUBDEVICES.NUM=0
SUBLOGICALMODELS.NUM=0
