ENTITYNAME=F4System
SYSCLASSIFYNAME=GJ1
BASEFAMILY=99d0ffe5-f59c-410b-84c4-cf4593a614c1.fam
OBJECTMODELPOINTER=99d0ffe5-f59c-410b-84c4-cf4593a614c1.dev
TRANSFORMMATRIX=1,0,0,0,0,1,0,0,0,0,1,0,29995.5427457225,39600.0000002116,0,1
SUBDEVICES.NUM=0
SUBLOGICALMODELS.NUM=0
