ENTITYNAME=F4System
SYSCLASSIFYNAME=GYT
BASEFAMILY=7abf005e-d661-4c3d-aa98-08776b738fa6.fam
OBJECTMODELPOINTER=7abf005e-d661-4c3d-aa98-08776b738fa6.dev
TRANSFORMMATRIX=-1.83697019872103E-16,-1,0,0,1,-1.83697019872103E-16,0,0,0,0,1,0,74600.0000000273,26831.8427858111,3700,1
SUBDEVICES.NUM=0
SUBLOGICALMODELS.NUM=0
