ENTITYNAME=F4System
SYSCLASSIFYNAME=GY9
BASEFAMILY=52a1494e-0cf7-42b9-bb9e-62cbeecb0f72.fam
OBJECTMODELPOINTER=52a1494e-0cf7-42b9-bb9e-62cbeecb0f72.dev
TRANSFORMMATRIX=-1,1.22464679914735E-16,0,0,-1.22464679914735E-16,-1,0,0,0,0,1,0,29315.9740556926,17099.9999999991,1800,1
SUBDEVICES.NUM=0
SUBLOGICALMODELS.NUM=0
