ENTITYNAME=F4System
SYSCLASSIFYNAME=GH4
BASEFAMILY=550920d9-9148-4de2-a3d0-e9e251b0271b.fam
OBJECTMODELPOINTER=550920d9-9148-4de2-a3d0-e9e251b0271b.dev
TRANSFORMMATRIX=-1,1.18995232962782E-16,-3.89431867829637E-16,0,-1.23332041652724E-16,-1,8.67361737988403E-18,0,-6.0985016949594E-16,6.9388939039073E-18,1,0,33399.9999999996,15700.6000000199,5100,1
SUBDEVICES.NUM=0
SUBLOGICALMODELS.NUM=0
