ENTITYNAME=F4System
SYSCLASSIFYNAME=GJ1
BASEFAMILY=2ef913ca-e656-4435-9840-ed12f04627bb.fam
OBJECTMODELPOINTER=2ef913ca-e656-4435-9840-ed12f04627bb.dev
TRANSFORMMATRIX=6.12323399573677E-17,1,0,0,-1,6.12323399573677E-17,0,0,0,0,1,0,400.000000213273,14016.4415458442,0,1
SUBDEVICES.NUM=0
SUBLOGICALMODELS.NUM=0
