ENTITYNAME=F4System
SYSCLASSIFYNAME=GJ7
BASEFAMILY=36172971-ab6a-4351-b58e-f4180cfe449a.fam
OBJECTMODELPOINTER=36172971-ab6a-4351-b58e-f4180cfe449a.dev
TRANSFORMMATRIX=1,1.16743491188625E-16,0,0,-1.16743491188625E-16,1,0,0,0,0,1,0,65739.9999999999,13324.7999999995,12820.0000000003,1
SUBDEVICES.NUM=0
SUBLOGICALMODELS.NUM=0
