ENTITYNAME=F4System
SYSCLASSIFYNAME=GH3
BASEFAMILY=96588628-1c69-4561-b9d7-95e85f5ffbe1.fam
OBJECTMODELPOINTER=96588628-1c69-4561-b9d7-95e85f5ffbe1.dev
TRANSFORMMATRIX=1,0,0,0,0,1,0,0,0,0,1,0,61600.0000000003,12723.2256292272,1300,1
SUBDEVICES.NUM=0
SUBLOGICALMODELS.NUM=0
