ENTITYNAME=F4System
SYSCLASSIFYNAME=GH6
BASEFAMILY=0e698da8-c424-46e7-be7a-209ff940edc3.fam
OBJECTMODELPOINTER=0e698da8-c424-46e7-be7a-209ff940edc3.dev
TRANSFORMMATRIX=8.89879155729964E-17,1,3.33066907387545E-16,0,-1,3.11032520498026E-16,3.19189119579731E-16,0,-3.4694469519536E-17,4.44089209850062E-16,1,0,26829.9999999032,14385,5100,1
SUBDEVICES.NUM=0
SUBLOGICALMODELS.NUM=0
