ENTITYNAME=F4System
SYSCLASSIFYNAME=GH2
BASEFAMILY=383ccf5d-3086-46c9-8021-c25b23084c0f.fam
OBJECTMODELPOINTER=383ccf5d-3086-46c9-8021-c25b23084c0f.dev
TRANSFORMMATRIX=6.12323399573677E-17,1,0,0,-1,6.12323399573677E-17,0,0,0,0,1,0,39899.9999684494,17417.6450494539,9800,1
SUBDEVICES.NUM=0
SUBLOGICALMODELS.NUM=0
