ENTITYNAME=F4System
SYSCLASSIFYNAME=SGB
BASEFAMILY=1ef9ecd8-a4d7-4a5d-9603-5e1f9cb4d9e6.fam
OBJECTMODELPOINTER=1ef9ecd8-a4d7-4a5d-9603-5e1f9cb4d9e6.dev
TRANSFORMMATRIX=1,0,0,0,0,1,0,0,0,0,1,0,47200.220140554,29600.000000146,3700,1
SUBDEVICES.NUM=0
SUBLOGICALMODELS.NUM=0
