ENTITYNAME=F4System
SYSCLASSIFYNAME=GYT
BASEFAMILY=9bb50222-00fb-408f-b5cc-571cc1376de8.fam
OBJECTMODELPOINTER=9bb50222-00fb-408f-b5cc-571cc1376de8.dev
TRANSFORMMATRIX=1,0,0,0,0,1,0,0,0,0,1,0,34382.5385622373,11423.9331184596,9700,1
SUBDEVICES.NUM=0
SUBLOGICALMODELS.NUM=0
