ENTITYNAME=F4System
SYSCLASSIFYNAME=GH2
BASEFAMILY=086f12dc-1b5a-48c2-8c01-c85e537b21f3.fam
OBJECTMODELPOINTER=086f12dc-1b5a-48c2-8c01-c85e537b21f3.dev
TRANSFORMMATRIX=6.12323399573677E-17,1,0,0,-1,6.12323399573677E-17,0,0,0,0,1,0,50249.9999999991,18485.6995081179,4200,1
SUBDEVICES.NUM=0
SUBLOGICALMODELS.NUM=0
