ENTITYNAME=F4System
SYSCLASSIFYNAME=GJ7
BASEFAMILY=406f9c55-d756-4e6e-b413-6bb5ac83eeb3.fam
OBJECTMODELPOINTER=406f9c55-d756-4e6e-b413-6bb5ac83eeb3.dev
TRANSFORMMATRIX=6.12323399573677E-17,1,0,0,-1,6.12323399573677E-17,0,0,0,0,1,0,23919.0000000307,12700.0000001385,4169,1
SUBDEVICES.NUM=0
SUBLOGICALMODELS.NUM=0
