ENTITYNAME=F4System
SYSCLASSIFYNAME=GYT
BASEFAMILY=43ad9315-ce6a-484a-a752-5918d8cffc11.fam
OBJECTMODELPOINTER=43ad9315-ce6a-484a-a752-5918d8cffc11.dev
TRANSFORMMATRIX=1,0,0,0,0,1,0,0,0,0,1,0,7497.86071337696,9742.75699289551,3600,1
SUBDEVICES.NUM=0
SUBLOGICALMODELS.NUM=0
