ENTITYNAME=F4System
SYSCLASSIFYNAME=JD0
BASEFAMILY=98dd78c1-5126-4d28-beaf-5dd5e44a4b00.fam
OBJECTMODELPOINTER=98dd78c1-5126-4d28-beaf-5dd5e44a4b00.dev
TRANSFORMMATRIX=-1.19178901544218E-16,-1,1.75846712978144E-15,0,1,-1.1917890154421E-16,4.51016951760804E-15,0,-4.51016951760804E-15,1.75846712978145E-15,1,0,74581.0000000243,15481.2033616032,3930,1
SUBDEVICES.NUM=0
SUBLOGICALMODELS.NUM=0
