ENTITYNAME=F4System
SYSCLASSIFYNAME=GJ8
BASEFAMILY=06c46612-9944-40eb-92ed-26c860728634.fam
OBJECTMODELPOINTER=06c46612-9944-40eb-92ed-26c860728634.dev
TRANSFORMMATRIX=-1,-4.32646832397838E-16,6.24500451351645E-16,0,-9.96765311807037E-16,-1,4.99600361081315E-16,0,3.19189119579732E-16,-5.55111512312578E-16,1,0,10135.1113245182,2802.00000000048,900,1
SUBDEVICES.NUM=0
SUBLOGICALMODELS.NUM=0
