ENTITYNAME=F4System
SYSCLASSIFYNAME=GJ4
BASEFAMILY=3a1408c8-a0b9-48b5-a007-140fc3a7b90e.fam
OBJECTMODELPOINTER=3a1408c8-a0b9-48b5-a007-140fc3a7b90e.dev
TRANSFORMMATRIX=-1,1.22464679914735E-16,0,0,-1.22464679914735E-16,-1,0,0,0,0,1,0,51424.9999999987,12700.0000000004,7600,1
SUBDEVICES.NUM=0
SUBLOGICALMODELS.NUM=0
