ENTITYNAME=F4System
SYSCLASSIFYNAME=GJ7
BASEFAMILY=471fac39-c849-400b-8639-65cf9b073aa8.fam
OBJECTMODELPOINTER=471fac39-c849-400b-8639-65cf9b073aa8.dev
TRANSFORMMATRIX=-1.48248788508054E-15,-1,0,0,1,-1.45473230946491E-15,0,0,2.77555756156289E-17,1.66533453693773E-16,1,0,28750.3820508027,14576.0263044964,8600,1
SUBDEVICES.NUM=0
SUBLOGICALMODELS.NUM=0
