ENTITYNAME=F4System
SYSCLASSIFYNAME=GH4
BASEFAMILY=91efdd35-db03-4aa1-b3a9-dbbf456e94ff.fam
OBJECTMODELPOINTER=91efdd35-db03-4aa1-b3a9-dbbf456e94ff.dev
TRANSFORMMATRIX=-1,1.22464679914735E-16,0,0,-1.22464679914735E-16,-1,0,0,0,0,1,0,45399.9999999996,16299.9999999978,5100,1
SUBDEVICES.NUM=0
SUBLOGICALMODELS.NUM=0
