ENTITYNAME=F4System
SYSCLASSIFYNAME=SDB
BASEFAMILY=2cca92e1-5cf5-4769-8eac-9d07670defdc.fam
OBJECTMODELPOINTER=2cca92e1-5cf5-4769-8eac-9d07670defdc.dev
TRANSFORMMATRIX=-1,1.22464679914735E-16,0,0,-1.22464679914735E-16,-1,0,0,0,0,1,0,26760.5194534928,13640.0000001475,99.9999999999986,1
SUBDEVICES.NUM=0
SUBLOGICALMODELS.NUM=0
