ENTITYNAME=F4System
SYSCLASSIFYNAME=GY0
BASEFAMILY=4048d257-32e9-4b1e-b03c-36d7dd57107e.fam
OBJECTMODELPOINTER=4048d257-32e9-4b1e-b03c-36d7dd57107e.dev
TRANSFORMMATRIX=-1,1.22464679914735E-16,0,0,-1.22464679914735E-16,-1,0,0,0,0,1,0,8232.81577813476,2820.00000000219,-1600,1
SUBDEVICES.NUM=0
SUBLOGICALMODELS.NUM=0
