ENTITYNAME=F4System
SYSCLASSIFYNAME=GJ4
BASEFAMILY=7bc1658d-6387-4344-9403-afdace076298.fam
OBJECTMODELPOINTER=7bc1658d-6387-4344-9403-afdace076298.dev
TRANSFORMMATRIX=6.12323399573677E-17,1,0,0,-1,6.12323399573677E-17,0,0,0,0,1,0,13066.0000000492,5141.41693727673,1600,1
SUBDEVICES.NUM=0
SUBLOGICALMODELS.NUM=0
