ENTITYNAME=F4System
SYSCLASSIFYNAME=GH6
BASEFAMILY=8f2e141f-69db-47a7-a1dc-fc15526d28c9.fam
OBJECTMODELPOINTER=8f2e141f-69db-47a7-a1dc-fc15526d28c9.dev
TRANSFORMMATRIX=-4.28510686012406E-17,1,-4.08744219027034E-17,0,-1,-4.28510686012406E-17,6.93889390390721E-18,0,-6.93889390390725E-18,1.47451495458029E-17,1,0,26829.9999999032,17375,5100,1
SUBDEVICES.NUM=0
SUBLOGICALMODELS.NUM=0
