ENTITYNAME=F4System
SYSCLASSIFYNAME=GJ1
BASEFAMILY=9d975030-f0a4-4c4a-a5f4-afb29cb311c8.fam
OBJECTMODELPOINTER=9d975030-f0a4-4c4a-a5f4-afb29cb311c8.dev
TRANSFORMMATRIX=1,0,0,0,0,1,0,0,0,0,1,0,19995.5427457225,39600.0000002116,0,1
SUBDEVICES.NUM=0
SUBLOGICALMODELS.NUM=0
