ENTITYNAME=F4System
SYSCLASSIFYNAME=GJ7
BASEFAMILY=6faeabd3-db89-480d-9fab-f700acf598de.fam
OBJECTMODELPOINTER=6faeabd3-db89-480d-9fab-f700acf598de.dev
TRANSFORMMATRIX=-1,1.22464679914735E-16,-9.99200722162628E-16,0,-4.55531587302278E-16,-1,1.66533453693771E-16,0,-2.22044604925031E-16,1.55431223447522E-15,1,0,11616.0000000577,5900.00000000173,2804.99999999814,1
SUBDEVICES.NUM=0
SUBLOGICALMODELS.NUM=0
