ENTITYNAME=F4System
SYSCLASSIFYNAME=GJ8
BASEFAMILY=2634a4b2-7948-42a0-846a-41d91198e2b4.fam
OBJECTMODELPOINTER=2634a4b2-7948-42a0-846a-41d91198e2b4.dev
TRANSFORMMATRIX=-1.3634246772255E-16,-1,-3.88578058618799E-16,0,1,-8.08313164912926E-17,-2.77555756156285E-17,0,-1.11022302462516E-16,-1.66533453693773E-16,1,0,56941.9999999976,22936.2439295258,2100.00000000001,1
SUBDEVICES.NUM=0
SUBLOGICALMODELS.NUM=0
