ENTITYNAME=F4System
SYSCLASSIFYNAME=GH4
BASEFAMILY=7550fcd0-793a-490c-8a19-bc960ea0cf6a.fam
OBJECTMODELPOINTER=7550fcd0-793a-490c-8a19-bc960ea0cf6a.dev
TRANSFORMMATRIX=1,0,0,0,0,1,0,0,0,0,1,0,39400.2447320836,17700.0000000015,5100,1
SUBDEVICES.NUM=0
SUBLOGICALMODELS.NUM=0
