ENTITYNAME=F4System
SYSCLASSIFYNAME=JD0
BASEFAMILY=095db07e-c14e-4e7c-bd18-a9bca24f30cc.fam
OBJECTMODELPOINTER=095db07e-c14e-4e7c-bd18-a9bca24f30cc.dev
TRANSFORMMATRIX=1,0,0,0,0,1,0,0,0,0,1,0,69390.2950155854,29581.000000148,4085,1
SUBDEVICES.NUM=0
SUBLOGICALMODELS.NUM=0
