ENTITYNAME=F4System
SYSCLASSIFYNAME=G_H_6
BASEFAMILY=75dfa63a-fad6-4d5b-88ad-5aea7d2522ec.fam
OBJECTMODELPOINTER=f7dc157e-42c3-4ee1-a950-94fe5d5a517d.dev
TRANSFORMMATRIX=-1,1.22464679914735E-16,0,0,-1.22464679914735E-16,-1,0,0,0,0,1,0,40106.3730855163,12365,1450,1
SUBDEVICES.NUM=1
SUBDEVICE0=148012a7-38a8-40eb-86d5-4ae1123a9f77.cbm
SUBLOGICALMODELS.NUM=0
