ENTITYNAME=F4System
SYSCLASSIFYNAME=CC0
BASEFAMILY=7a736075-640b-4d13-8447-ae9024042cff.fam
OBJECTMODELPOINTER=7a736075-640b-4d13-8447-ae9024042cff.dev
TRANSFORMMATRIX=1,0,0,0,0,1,0,0,0,0,1,0,72900.0000000028,10374.9999999999,1740,1
SUBDEVICES.NUM=0
SUBLOGICALMODELS.NUM=0
