ENTITYNAME=F4System
SYSCLASSIFYNAME=GH2
BASEFAMILY=66090303-4962-4f2d-83d9-f6d7a55c09ec.fam
OBJECTMODELPOINTER=66090303-4962-4f2d-83d9-f6d7a55c09ec.dev
TRANSFORMMATRIX=6.12323399573677E-17,1,0,0,-1,6.12323399573677E-17,0,0,0,0,1,0,48500,11085.6995081177,4200,1
SUBDEVICES.NUM=0
SUBLOGICALMODELS.NUM=0
