ENTITYNAME=F4System
SYSCLASSIFYNAME=SDB
BASEFAMILY=7d278a8b-d0e5-44eb-aa8b-9576161c9e65.fam
OBJECTMODELPOINTER=7d278a8b-d0e5-44eb-aa8b-9576161c9e65.dev
TRANSFORMMATRIX=-1,1.22464679914735E-16,0,0,-1.22464679914735E-16,-1,0,0,0,0,1,0,53446.7552410647,10400.0000001598,2800,1
SUBDEVICES.NUM=0
SUBLOGICALMODELS.NUM=0
