ENTITYNAME=F4System
SYSCLASSIFYNAME=GYT
BASEFAMILY=81b2ff99-ba51-46de-b17a-d48e55b23157.fam
OBJECTMODELPOINTER=81b2ff99-ba51-46de-b17a-d48e55b23157.dev
TRANSFORMMATRIX=-1.83697019872103E-16,-1,0,0,1,-1.83697019872103E-16,0,0,0,0,1,0,74600.0000000273,22357.2248644006,3700,1
SUBDEVICES.NUM=0
SUBLOGICALMODELS.NUM=0
