ENTITYNAME=F4System
SYSCLASSIFYNAME=GJ4
BASEFAMILY=68095227-bc25-432b-b9cb-d7c6dc56a049.fam
OBJECTMODELPOINTER=68095227-bc25-432b-b9cb-d7c6dc56a049.dev
TRANSFORMMATRIX=6.12323399573677E-17,1,0,0,-1,6.12323399573677E-17,0,0,0,0,1,0,23899.9999999993,18553.269562128,2800,1
SUBDEVICES.NUM=0
SUBLOGICALMODELS.NUM=0
