ENTITYNAME=F4System
SYSCLASSIFYNAME=GY3
BASEFAMILY=8af32463-87d1-4126-be0e-d1b4f6c1c1b2.fam
OBJECTMODELPOINTER=8af32463-87d1-4126-be0e-d1b4f6c1c1b2.dev
TRANSFORMMATRIX=1,0,0,0,0,1,0,0,0,0,1,0,47350,12500.0000000004,7799.99999999999,1
SUBDEVICES.NUM=0
SUBLOGICALMODELS.NUM=0
