ENTITYNAME=F4System
SYSCLASSIFYNAME=GWG
BASEFAMILY=6d02087a-3882-42ef-b6d0-84b06245894c.fam
OBJECTMODELPOINTER=6d02087a-3882-42ef-b6d0-84b06245894c.dev
TRANSFORMMATRIX=1,0,0,0,0,1,0,0,0,0,1,0,44905.8474230235,17805.8036776734,9700,1
SUBDEVICES.NUM=0
SUBLOGICALMODELS.NUM=0
