ENTITYNAME=F4System
SYSCLASSIFYNAME=GJ1
BASEFAMILY=987e6ce6-53cc-491e-80a0-c949f5e754e4.fam
OBJECTMODELPOINTER=987e6ce6-53cc-491e-80a0-c949f5e754e4.dev
TRANSFORMMATRIX=-1.83697019872103E-16,-1,0,0,1,-1.83697019872103E-16,0,0,0,0,1,0,82732.9057789715,29579.0399872609,0,1
SUBDEVICES.NUM=0
SUBLOGICALMODELS.NUM=0
