ENTITYNAME=F4System
SYSCLASSIFYNAME=GH3
BASEFAMILY=6a061d53-c2fe-414c-8e3f-b839b19c733d.fam
OBJECTMODELPOINTER=6a061d53-c2fe-414c-8e3f-b839b19c733d.dev
TRANSFORMMATRIX=6.12323399573677E-17,1,0,0,-1,6.12323399573677E-17,0,0,0,0,1,0,31013.8028953406,11452.0738624544,10200,1
SUBDEVICES.NUM=0
SUBLOGICALMODELS.NUM=0
