ENTITYNAME=F4System
SYSCLASSIFYNAME=GJ1
BASEFAMILY=37f6fede-1a3e-4dd5-9e25-ee8bb89c91d2.fam
OBJECTMODELPOINTER=37f6fede-1a3e-4dd5-9e25-ee8bb89c91d2.dev
TRANSFORMMATRIX=-1,1.22464679914735E-16,0,0,-1.22464679914735E-16,-1,0,0,0,0,1,0,23342.285423819,420.50718279698,0,1
SUBDEVICES.NUM=0
SUBLOGICALMODELS.NUM=0
