ENTITYNAME=F4System
SYSCLASSIFYNAME=GJ5
BASEFAMILY=95c4133c-caf9-4f75-8d8f-0d5fbbafa1be.fam
OBJECTMODELPOINTER=95c4133c-caf9-4f75-8d8f-0d5fbbafa1be.dev
TRANSFORMMATRIX=-1,6.63698404419495E-16,2.77555756156287E-16,0,4.18769044590023E-16,-1,-1.38777878078143E-16,0,-2.4980018054066E-16,2.22044604925031E-16,1,0,24407.1198391506,10400.0000001481,2800.00000000001,1
SUBDEVICES.NUM=0
SUBLOGICALMODELS.NUM=0
