ENTITYNAME=F4System
SYSCLASSIFYNAME=AA1
BASEFAMILY=805b7e1d-80c2-46eb-9e72-4b6c5c6f52c7.fam
OBJECTMODELPOINTER=805b7e1d-80c2-46eb-9e72-4b6c5c6f52c7.dev
TRANSFORMMATRIX=1,0,0,0,0,1,0,0,0,0,1,0,48500.8668493606,29600.000000148,9150,1
SUBDEVICES.NUM=0
SUBLOGICALMODELS.NUM=0
