ENTITYNAME=F4System
SYSCLASSIFYNAME=GJ5
BASEFAMILY=55b6a5f9-d954-4a64-a4ac-18b455804897.fam
OBJECTMODELPOINTER=55b6a5f9-d954-4a64-a4ac-18b455804897.dev
TRANSFORMMATRIX=-1.83697019872103E-16,-1,0,0,1,-1.83697019872103E-16,0,0,0,0,1,0,74599.9999999989,16568.3140367847,2800,1
SUBDEVICES.NUM=0
SUBLOGICALMODELS.NUM=0
