ENTITYNAME=F4System
SYSCLASSIFYNAME=GJ4
BASEFAMILY=85e4118e-42ca-4e02-b7c4-0a1f7d561015.fam
OBJECTMODELPOINTER=85e4118e-42ca-4e02-b7c4-0a1f7d561015.dev
TRANSFORMMATRIX=-1,1.22464679914735E-16,0,0,-1.22464679914735E-16,-1,0,0,0,0,1,0,62624.9999999976,12700,7600,1
SUBDEVICES.NUM=0
SUBLOGICALMODELS.NUM=0
