ENTITYNAME=F4System
SYSCLASSIFYNAME=GH3
BASEFAMILY=6fb58f79-5aae-4979-a29e-c9b523795071.fam
OBJECTMODELPOINTER=6fb58f79-5aae-4979-a29e-c9b523795071.dev
TRANSFORMMATRIX=6.12323399573677E-17,1,0,0,-1,6.12323399573677E-17,0,0,0,0,1,0,51013.8028953406,11452.0738624544,10200,1
SUBDEVICES.NUM=0
SUBLOGICALMODELS.NUM=0
