ENTITYNAME=F4System
SYSCLASSIFYNAME=GYT
BASEFAMILY=8d8962e7-01f7-4afd-901b-5bd90706c89c.fam
OBJECTMODELPOINTER=8d8962e7-01f7-4afd-901b-5bd90706c89c.dev
TRANSFORMMATRIX=1,0,0,0,0,1,0,0,0,0,1,0,31113.5681242878,12827.0197587136,9700,1
SUBDEVICES.NUM=0
SUBLOGICALMODELS.NUM=0
