ENTITYNAME=F4System
SYSCLASSIFYNAME=GH2
BASEFAMILY=9d2d084e-f200-4c12-867a-8e5368cfef28.fam
OBJECTMODELPOINTER=9d2d084e-f200-4c12-867a-8e5368cfef28.dev
TRANSFORMMATRIX=6.12323399573677E-17,1,0,0,-1,6.12323399573677E-17,0,0,0,0,1,0,32249.9999999992,14885.699508118,4200,1
SUBDEVICES.NUM=0
SUBLOGICALMODELS.NUM=0
