ENTITYNAME=F4System
SYSCLASSIFYNAME=GH3
BASEFAMILY=42f17221-a62b-497e-ab46-5377b362b6dd.fam
OBJECTMODELPOINTER=42f17221-a62b-497e-ab46-5377b362b6dd.dev
TRANSFORMMATRIX=1,0,0,0,0,1,0,0,0,0,1,0,46599.9999999998,17073.2256292272,1300,1
SUBDEVICES.NUM=0
SUBLOGICALMODELS.NUM=0
