ENTITYNAME=F4System
SYSCLASSIFYNAME=GH3
BASEFAMILY=82242d9d-e9e9-4c3f-81ec-26e5dfb8f582.fam
OBJECTMODELPOINTER=82242d9d-e9e9-4c3f-81ec-26e5dfb8f582.dev
TRANSFORMMATRIX=1,0,0,0,0,1,0,0,0,0,1,0,36600.0000000003,12723.2256292272,1300,1
SUBDEVICES.NUM=0
SUBLOGICALMODELS.NUM=0
