ENTITYNAME=F4System
SYSCLASSIFYNAME=GH3
BASEFAMILY=58db680e-682e-4d95-88dd-05dda650cb7c.fam
OBJECTMODELPOINTER=58db680e-682e-4d95-88dd-05dda650cb7c.dev
TRANSFORMMATRIX=1,0,0,0,0,1,0,0,0,0,1,0,36599.9999999998,17073.2256292272,1300,1
SUBDEVICES.NUM=0
SUBLOGICALMODELS.NUM=0
