ENTITYNAME=F4System
SYSCLASSIFYNAME=SGB
BASEFAMILY=7504a43f-7f44-475a-8bee-f99b484fa0cb.fam
OBJECTMODELPOINTER=7504a43f-7f44-475a-8bee-f99b484fa0cb.dev
TRANSFORMMATRIX=-1,1.22464679914735E-16,0,0,-1.22464679914735E-16,-1,0,0,0,0,1,0,44602.7199997621,12697.3141776845,8500,1
SUBDEVICES.NUM=0
SUBLOGICALMODELS.NUM=0
