ENTITYNAME=F4System
SYSCLASSIFYNAME=GH2
BASEFAMILY=27939acc-7603-4b69-baab-0a302e3e6d4f.fam
OBJECTMODELPOINTER=27939acc-7603-4b69-baab-0a302e3e6d4f.dev
TRANSFORMMATRIX=6.12323399573677E-17,1,0,0,-1,6.12323399573677E-17,0,0,0,0,1,0,33899.9999684494,13626.1672802905,9800,1
SUBDEVICES.NUM=0
SUBLOGICALMODELS.NUM=0
