ENTITYNAME=F4System
SYSCLASSIFYNAME=GY0
BASEFAMILY=36ce771d-a6e9-4f07-922d-115df7be4d7d.fam
OBJECTMODELPOINTER=36ce771d-a6e9-4f07-922d-115df7be4d7d.dev
TRANSFORMMATRIX=1,0,0,0,0,1,0,0,0,0,1,0,26813.9111196576,13379.9999999986,1100,1
SUBDEVICES.NUM=0
SUBLOGICALMODELS.NUM=0
