ENTITYNAME=F4System
SYSCLASSIFYNAME=GJ7
BASEFAMILY=1b52b25f-af65-48d9-998c-b74439ef6604.fam
OBJECTMODELPOINTER=1b52b25f-af65-48d9-998c-b74439ef6604.dev
TRANSFORMMATRIX=1,0,0,0,0,1,0,0,0,0,1,0,24467.521533303,13381.0000001476,1100,1
SUBDEVICES.NUM=0
SUBLOGICALMODELS.NUM=0
