ENTITYNAME=F4System
SYSCLASSIFYNAME=GY9
BASEFAMILY=7d7260a4-f178-4132-b48a-0e35d244245e.fam
OBJECTMODELPOINTER=7d7260a4-f178-4132-b48a-0e35d244245e.dev
TRANSFORMMATRIX=-1,1.22464679914735E-16,0,0,-1.22464679914735E-16,-1,0,0,0,0,1,0,37670.8771685526,12700.0000000002,6800.00000000002,1
SUBDEVICES.NUM=0
SUBLOGICALMODELS.NUM=0
