ENTITYNAME=F4System
SYSCLASSIFYNAME=GJ5
BASEFAMILY=31c43b20-f95b-4fda-b853-bb0aef0df8de.fam
OBJECTMODELPOINTER=31c43b20-f95b-4fda-b853-bb0aef0df8de.dev
TRANSFORMMATRIX=1,0,0,0,0,1,0,0,0,0,1,0,11950.0243251055,5700.0000000015,-2600,1
SUBDEVICES.NUM=0
SUBLOGICALMODELS.NUM=0
