ENTITYNAME=F4System
SYSCLASSIFYNAME=&GIS
BASEFAMILY=5a436e63-85a7-4046-9bca-975203d6842b.fam
OBJECTMODELPOINTER=5a436e63-85a7-4046-9bca-975203d6842b.dev
TRANSFORMMATRIX=-1.83697019872103E-16,-1,0,0,1,-1.83697019872103E-16,0,0,0,0,1,0,69550.0010842791,21500.0017490001,1510,1
SUBDEVICES.NUM=6
SUBDEVICE0=2e6edc1f-c077-40ab-a2d5-b1b16dbe4d47.cbm
SUBDEVICE1=4735871b-95a0-4a1e-89cb-e91a222aadb7.cbm
SUBDEVICE2=8ee4bcad-cc2e-453f-8eec-94a25433434b.cbm
SUBDEVICE3=83fb78cc-2b8f-4df8-be01-530660f90195.cbm
SUBDEVICE4=7bd77590-1e15-4d3a-a084-fd23c5b01ae9.cbm
SUBDEVICE5=c2133f64-fca2-4265-aac3-70bc1ac0f30e.cbm
SUBLOGICALMODELS.NUM=0
