ENTITYNAME=F4System
SYSCLASSIFYNAME=GYT
BASEFAMILY=710586ba-19ee-4e59-9a6d-098341942544.fam
OBJECTMODELPOINTER=710586ba-19ee-4e59-9a6d-098341942544.dev
TRANSFORMMATRIX=1,0,0,0,0,1,0,0,0,0,1,0,25086.4344241634,11811.6690583837,6100,1
SUBDEVICES.NUM=0
SUBLOGICALMODELS.NUM=0
