ENTITYNAME=F4System
SYSCLASSIFYNAME=SDB
BASEFAMILY=1d72984b-9c3b-4568-aa19-ccd8f8106860.fam
OBJECTMODELPOINTER=1d72984b-9c3b-4568-aa19-ccd8f8106860.dev
TRANSFORMMATRIX=-1,1.22464679914735E-16,0,0,-1.22464679914735E-16,-1,0,0,0,0,1,0,37155.8208588034,10400.0000001453,2800,1
SUBDEVICES.NUM=0
SUBLOGICALMODELS.NUM=0
