ENTITYNAME=F4System
SYSCLASSIFYNAME=GYT
BASEFAMILY=10ded112-f80c-4264-b773-e8e8e27d13b9.fam
OBJECTMODELPOINTER=10ded112-f80c-4264-b773-e8e8e27d13b9.dev
TRANSFORMMATRIX=1,0,0,0,0,1,0,0,0,0,1,0,25224.7003189761,11958.9829408377,14300,1
SUBDEVICES.NUM=0
SUBLOGICALMODELS.NUM=0
