ENTITYNAME=F4System
SYSCLASSIFYNAME=GH2
BASEFAMILY=7e4e3e6f-b72c-4444-aef3-e3e471048d17.fam
OBJECTMODELPOINTER=7e4e3e6f-b72c-4444-aef3-e3e471048d17.dev
TRANSFORMMATRIX=6.12323399573677E-17,1,0,0,-1,6.12323399573677E-17,0,0,0,0,1,0,41249.9999999994,14885.699508118,4200,1
SUBDEVICES.NUM=0
SUBLOGICALMODELS.NUM=0
