ENTITYNAME=F4System
SYSCLASSIFYNAME=G_H_6
BASEFAMILY=60618d1d-54bb-4060-9f90-ea49d0f5ffdf.fam
OBJECTMODELPOINTER=7e4f5047-c10c-4e7a-b55e-dff92363b23d.dev
TRANSFORMMATRIX=-1,1.22464679914735E-16,0,0,-1.22464679914735E-16,-1,0,0,0,0,1,0,43406.3730855162,12365,1450,1
SUBDEVICES.NUM=1
SUBDEVICE0=a089bd8b-7b3d-4280-b86e-7e97b5ab433c.cbm
SUBLOGICALMODELS.NUM=0
