ENTITYNAME=F4System
SYSCLASSIFYNAME=GJ4
BASEFAMILY=6411662a-0806-4b1e-8c87-be74c7464d2a.fam
OBJECTMODELPOINTER=6411662a-0806-4b1e-8c87-be74c7464d2a.dev
TRANSFORMMATRIX=6.12323399573677E-17,1,0,0,-1,6.12323399573677E-17,0,0,0,0,1,0,60850.0000000004,10832.9621011337,2900,1
SUBDEVICES.NUM=0
SUBLOGICALMODELS.NUM=0
