ENTITYNAME=F4System
SYSCLASSIFYNAME=GJ6
BASEFAMILY=99ffd627-4769-46a7-a4f7-db3cc12efbc4.fam
OBJECTMODELPOINTER=99ffd627-4769-46a7-a4f7-db3cc12efbc4.dev
TRANSFORMMATRIX=6.12323399573677E-17,1,0,0,-1,6.12323399573677E-17,0,0,0,0,1,0,29900.0000000004,24729.082116802,3000,1
SUBDEVICES.NUM=0
SUBLOGICALMODELS.NUM=0
