ENTITYNAME=F4System
SYSCLASSIFYNAME=GJ5
BASEFAMILY=7e0748a5-c311-4cef-a917-7933edb9e0c8.fam
OBJECTMODELPOINTER=7e0748a5-c311-4cef-a917-7933edb9e0c8.dev
TRANSFORMMATRIX=-1,-7.65713739785374E-16,3.49748877900716E-31,0,7.65713739785374E-16,-1,-2.09541177949328E-30,0,-1.2911434347172E-30,1.25724706769599E-30,1,0,25070,10300.0000000009,100,1
SUBDEVICES.NUM=0
SUBLOGICALMODELS.NUM=0
