ENTITYNAME=F4System
SYSCLASSIFYNAME=G_J_2
BASEFAMILY=3332a0f0-5e84-4b04-a921-5e5f4f5f9b2b.fam
OBJECTMODELPOINTER=3332a0f0-5e84-4b04-a921-5e5f4f5f9b2b.dev
TRANSFORMMATRIX=1,0,0,0,0,1,0,0,0,0,1,0,44701.6002661258,21923.7244273095,1500,1
SUBDEVICES.NUM=0
SUBLOGICALMODELS.NUM=0
