ENTITYNAME=F4System
SYSCLASSIFYNAME=GJ5
BASEFAMILY=11bd4048-4e31-4c33-9a20-cdc5e2ebe50b.fam
OBJECTMODELPOINTER=11bd4048-4e31-4c33-9a20-cdc5e2ebe50b.dev
TRANSFORMMATRIX=1,0,0,0,0,1,0,0,0,0,1,0,24375.3576849215,13399.9999999998,2800,1
SUBDEVICES.NUM=0
SUBLOGICALMODELS.NUM=0
