ENTITYNAME=F4System
SYSCLASSIFYNAME=GWG
BASEFAMILY=4024860c-8eb6-4182-aee0-2d79d9f94cb0.fam
OBJECTMODELPOINTER=4024860c-8eb6-4182-aee0-2d79d9f94cb0.dev
TRANSFORMMATRIX=1,0,0,0,0,1,0,0,0,0,1,0,38092.383775343,17784.8306052872,6100,1
SUBDEVICES.NUM=0
SUBLOGICALMODELS.NUM=0
