ENTITYNAME=F4System
SYSCLASSIFYNAME=GJ4
BASEFAMILY=2d91c401-c19f-4a0d-9fbf-ef0018655031.fam
OBJECTMODELPOINTER=2d91c401-c19f-4a0d-9fbf-ef0018655031.dev
TRANSFORMMATRIX=-1.01064309961485E-15,-1,-5.87637577486925E-17,0,1,-1.22464679914735E-16,7.77156117237593E-16,0,-2.77555756156298E-16,-2.71050543122161E-18,1,0,42999.9999999992,28583.8896793627,2800.00000000001,1
SUBDEVICES.NUM=0
SUBLOGICALMODELS.NUM=0
