ENTITYNAME=F4System
SYSCLASSIFYNAME=GJ7
BASEFAMILY=97385d89-e7ea-480b-ac99-3981b866fa70.fam
OBJECTMODELPOINTER=97385d89-e7ea-480b-ac99-3981b866fa70.dev
TRANSFORMMATRIX=2.10602227472806E-16,-1,-2.08166817117214E-16,0,1,-5.38798314149162E-16,4.44089209850055E-16,0,-2.49800180540662E-16,-6.93889390390727E-18,1,0,12679.5418752194,9855.58899535817,2400.00000000019,1
SUBDEVICES.NUM=0
SUBLOGICALMODELS.NUM=0
