ENTITYNAME=F4System
SYSCLASSIFYNAME=GH2
BASEFAMILY=7558191b-5f61-4cd8-a8fc-9ac12d46d58d.fam
OBJECTMODELPOINTER=7558191b-5f61-4cd8-a8fc-9ac12d46d58d.dev
TRANSFORMMATRIX=6.12323399573677E-17,1,0,0,-1,6.12323399573677E-17,0,0,0,0,1,0,45899.9999684494,17417.6450494542,9800,1
SUBDEVICES.NUM=0
SUBLOGICALMODELS.NUM=0
