ENTITYNAME=F4System
SYSCLASSIFYNAME=GYT
BASEFAMILY=76ab07be-b7d2-4b31-bdf1-330d77acd183.fam
OBJECTMODELPOINTER=76ab07be-b7d2-4b31-bdf1-330d77acd183.dev
TRANSFORMMATRIX=6.12323399573677E-17,1,0,0,-1,6.12323399573677E-17,0,0,0,0,1,0,64700.0000000268,22357.2248643998,3700,1
SUBDEVICES.NUM=0
SUBLOGICALMODELS.NUM=0
