ENTITYNAME=F4System
SYSCLASSIFYNAME=G_H_4
BASEFAMILY=4eed42dd-e947-436a-9b4e-5983cec327e8.fam
OBJECTMODELPOINTER=29abc182-b720-40f2-a987-624c5ff75040.dev
TRANSFORMMATRIX=1,0,0,0,0,1,0,0,0,0,1,0,48873.819951152,23729.8885490157,3748.56984044418,1
SUBDEVICES.NUM=0
SUBLOGICALMODELS.NUM=0
