ENTITYNAME=F4System
SYSCLASSIFYNAME=GH2
BASEFAMILY=684e4e88-8906-4252-b9f0-e0616089ef23.fam
OBJECTMODELPOINTER=684e4e88-8906-4252-b9f0-e0616089ef23.dev
TRANSFORMMATRIX=6.12323399573677E-17,1,0,0,-1,6.12323399573677E-17,0,0,0,0,1,0,62249.9999999989,14885.699508118,4200,1
SUBDEVICES.NUM=0
SUBLOGICALMODELS.NUM=0
