ENTITYNAME=F4System
SYSCLASSIFYNAME=GJ7
BASEFAMILY=975e2e35-3c15-42b9-b4a4-bc2a5157d0da.fam
OBJECTMODELPOINTER=975e2e35-3c15-42b9-b4a4-bc2a5157d0da.dev
TRANSFORMMATRIX=-1,1.22464679914735E-16,0,0,-1.22464679914735E-16,-1,0,0,0,0,1,0,31100.0000000262,10419.0000001511,4169,1
SUBDEVICES.NUM=0
SUBLOGICALMODELS.NUM=0
