ENTITYNAME=F4System
SYSCLASSIFYNAME=GJ9
BASEFAMILY=66cf6989-215d-4adf-bbc7-e8dc5cab1e94.fam
OBJECTMODELPOINTER=66cf6989-215d-4adf-bbc7-e8dc5cab1e94.dev
TRANSFORMMATRIX=1,1.8284665185718E-16,1.11022302462515E-16,0,6.6953528683478E-17,1,-5.55111512312573E-17,0,-2.08166817117217E-17,8.32667268468868E-17,1,0,8235.75000005589,8899.99999996071,600,1
SUBDEVICES.NUM=0
SUBLOGICALMODELS.NUM=0
