ENTITYNAME=F4System
SYSCLASSIFYNAME=GJ5
BASEFAMILY=21c45c52-4669-4318-aa61-94a0619f18b8.fam
OBJECTMODELPOINTER=21c45c52-4669-4318-aa61-94a0619f18b8.dev
TRANSFORMMATRIX=1,0,0,0,0,1,0,0,0,0,1,0,10657.4126670312,5700.00000000206,1600,1
SUBDEVICES.NUM=0
SUBLOGICALMODELS.NUM=0
