ENTITYNAME=F4System
SYSCLASSIFYNAME=G_H_4
BASEFAMILY=6c2d0c58-cd0c-4403-b6d0-4617457ecbc6.fam
OBJECTMODELPOINTER=29abc182-b720-40f2-a987-624c5ff75040.dev
TRANSFORMMATRIX=1,0,0,0,0,1,0,0,0,0,1,0,35356.7517617331,26469.9722089778,3748.56984044418,1
SUBDEVICES.NUM=0
SUBLOGICALMODELS.NUM=0
