ENTITYNAME=F4System
SYSCLASSIFYNAME=GJ8
BASEFAMILY=655acbd9-49ba-4c6d-a4c5-131637b90267.fam
OBJECTMODELPOINTER=655acbd9-49ba-4c6d-a4c5-131637b90267.dev
TRANSFORMMATRIX=1,1.20614983410203E-15,-2.37553712549181E-15,0,2.00010218035508E-16,-1,8.49643771298364E-16,0,2.59758173041687E-15,-3.8534648401749E-17,1,0,40370.5696819673,10544.2548387921,-599.999999999956,1
SUBDEVICES.NUM=0
SUBLOGICALMODELS.NUM=0
