ENTITYNAME=F4System
SYSCLASSIFYNAME=GJ9
BASEFAMILY=44911819-3b91-4ccc-8329-1dc85b45df83.fam
OBJECTMODELPOINTER=44911819-3b91-4ccc-8329-1dc85b45df83.dev
TRANSFORMMATRIX=1,0,0,0,0,1,0,0,0,0,1,0,7561.94807898552,13400.000000002,600,1
SUBDEVICES.NUM=0
SUBLOGICALMODELS.NUM=0
