ENTITYNAME=F4System
SYSCLASSIFYNAME=&ZBZ
BASEFAMILY=3cd378c0-9104-4852-8947-544f30aaf50b.fam
OBJECTMODELPOINTER=3cd378c0-9104-4852-8947-544f30aaf50b.dev
TRANSFORMMATRIX=1,0,0,0,0,1,0,0,0,0,1,0,47885.2296222778,21389.6375728197,1950,1
SUBDEVICES.NUM=8
SUBDEVICE0=1990b4c0-3118-4c9a-9c39-d3c0346f6389.cbm
SUBDEVICE1=3eb071c1-b82b-42d8-84f6-f78f029a0de3.cbm
SUBDEVICE2=8310b201-0d85-4d54-b3ce-eef24ce4cead.cbm
SUBDEVICE3=026ea8fc-7ba3-44b1-b751-3b2909c7eb09.cbm
SUBDEVICE4=c53e7a95-ecc6-4c52-859d-950db16005c8.cbm
SUBDEVICE5=61966356-26d5-4ac3-bfb2-0370be7c49dd.cbm
SUBDEVICE6=7f9a1d96-1535-4c1c-9894-533691639c3e.cbm
SUBDEVICE7=1726a5d8-e3de-4862-a170-03fa396b1610.cbm
SUBLOGICALMODELS.NUM=0
