ENTITYNAME=F4System
SYSCLASSIFYNAME=&FHF
BASEFAMILY=74308d74-9701-4b7f-8852-7c70b6658beb.fam
OBJECTMODELPOINTER=74308d74-9701-4b7f-8852-7c70b6658beb.dev
TRANSFORMMATRIX=6.12323399573677E-17,1,0,0,-1,6.12323399573677E-17,0,0,0,0,1,0,74760.0000000019,17405.0021844533,-1310.00000000745,1
SUBDEVICES.NUM=0
SUBLOGICALMODELS.NUM=0
