ENTITYNAME=F4System
SYSCLASSIFYNAME=GH3
BASEFAMILY=13fe3861-e0cb-4341-8e98-fe8da767f2c1.fam
OBJECTMODELPOINTER=13fe3861-e0cb-4341-8e98-fe8da767f2c1.dev
TRANSFORMMATRIX=6.12323399573677E-17,1,0,0,-1,6.12323399573677E-17,0,0,0,0,1,0,35550.4293919114,9274.69223730167,4350,1
SUBDEVICES.NUM=0
SUBLOGICALMODELS.NUM=0
