ENTITYNAME=F4System
SYSCLASSIFYNAME=GJ8
BASEFAMILY=1519810b-0f25-49e1-8619-bb7afd8bba16.fam
OBJECTMODELPOINTER=1519810b-0f25-49e1-8619-bb7afd8bba16.dev
TRANSFORMMATRIX=1,7.75455381206007E-17,-5.92800061333125E-15,0,-5.49390323586401E-16,1,-2.0418293275237E-14,0,5.67820043279065E-15,2.02517598215433E-14,1,0,60492.3142102236,13640.0000000014,2099.99999999997,1
SUBDEVICES.NUM=0
SUBLOGICALMODELS.NUM=0
