ENTITYNAME=F4System
SYSCLASSIFYNAME=GJ7
BASEFAMILY=90b09a2a-7270-4ce8-997f-bde55f780f90.fam
OBJECTMODELPOINTER=90b09a2a-7270-4ce8-997f-bde55f780f90.dev
TRANSFORMMATRIX=-1,5.94309465380424E-16,0,0,-5.94309465380424E-16,-1,0,0,0,0,1,0,24467.5215333029,13659.0000001476,1100,1
SUBDEVICES.NUM=0
SUBLOGICALMODELS.NUM=0
