ENTITYNAME=F4System
SYSCLASSIFYNAME=GH4
BASEFAMILY=8be42123-6a3e-4cd0-bd22-2a2773b43c40.fam
OBJECTMODELPOINTER=8be42123-6a3e-4cd0-bd22-2a2773b43c40.dev
TRANSFORMMATRIX=-1,1.08586892106921E-16,0,0,-1.08586892106921E-16,-1,0,0,0,0,1,0,36399.9999999996,16299.9999999869,5100,1
SUBDEVICES.NUM=0
SUBLOGICALMODELS.NUM=0
