ENTITYNAME=F4System
SYSCLASSIFYNAME=GH2
BASEFAMILY=65c4195b-e169-48e2-bb66-7dda196d1c19.fam
OBJECTMODELPOINTER=65c4195b-e169-48e2-bb66-7dda196d1c19.dev
TRANSFORMMATRIX=6.12323399573677E-17,1,0,0,-1,6.12323399573677E-17,0,0,0,0,1,0,36899.999968449,19080.3053709606,9800,1
SUBDEVICES.NUM=0
SUBLOGICALMODELS.NUM=0
