ENTITYNAME=F4System
SYSCLASSIFYNAME=XHS
BASEFAMILY=8f3c19db-df18-4242-a5e2-89658ad94202.fam
OBJECTMODELPOINTER=8f3c19db-df18-4242-a5e2-89658ad94202.dev
TRANSFORMMATRIX=1,0,0,0,0,1,0,0,0,0,1,0,64892.2367710877,13400.0000001479,7800,1
SUBDEVICES.NUM=0
SUBLOGICALMODELS.NUM=0
