ENTITYNAME=F4System
SYSCLASSIFYNAME=CC1
BASEFAMILY=1d8cb2bf-c6d0-40f9-9942-0114c7bc07a9.fam
OBJECTMODELPOINTER=1d8cb2bf-c6d0-40f9-9942-0114c7bc07a9.dev
TRANSFORMMATRIX=-1,1.22464679914735E-16,0,0,-1.22464679914735E-16,-1,0,0,0,0,1,0,40500.0000000007,19625,6540,1
SUBDEVICES.NUM=0
SUBLOGICALMODELS.NUM=0
