ENTITYNAME=F4System
SYSCLASSIFYNAME=GH0
BASEFAMILY=588b5456-289d-46c7-abbc-f19297af3f74.fam
OBJECTMODELPOINTER=588b5456-289d-46c7-abbc-f19297af3f74.dev
TRANSFORMMATRIX=-1,1.22464679914735E-16,0,0,-1.22464679914735E-16,-1,0,0,0,0,1,0,34900.0735670182,10400,5149.99999999995,1
SUBDEVICES.NUM=0
SUBLOGICALMODELS.NUM=0
