ENTITYNAME=F4System
SYSCLASSIFYNAME=G_H_6
BASEFAMILY=4e18c05b-e6b9-48c9-99d8-d23d79e80e8f.fam
OBJECTMODELPOINTER=4e18c05b-e6b9-48c9-99d8-d23d79e80e8f.dev
TRANSFORMMATRIX=-1,1.22464679914735E-16,0,0,-1.22464679914735E-16,-1,0,0,0,0,1,0,46992.4376551248,12515,1431.98771867776,1
SUBDEVICES.NUM=0
SUBLOGICALMODELS.NUM=0
