ENTITYNAME=F4System
SYSCLASSIFYNAME=GY5
BASEFAMILY=79d0b820-0acb-469a-a4ec-6904ca6a6bf6.fam
OBJECTMODELPOINTER=79d0b820-0acb-469a-a4ec-6904ca6a6bf6.dev
TRANSFORMMATRIX=-1.83697019872103E-16,-1,0,0,1,-1.83697019872103E-16,0,0,0,0,1,0,63982.3077085561,28910.6125457271,7000,1
SUBDEVICES.NUM=0
SUBLOGICALMODELS.NUM=0
