ENTITYNAME=F4System
SYSCLASSIFYNAME=G_H_4
BASEFAMILY=6e0b3e61-b634-4942-950c-1d3be6954404.fam
OBJECTMODELPOINTER=29abc182-b720-40f2-a987-624c5ff75040.dev
TRANSFORMMATRIX=1,0,0,0,0,1,0,0,0,0,1,0,35373.8199511576,25099.9722089778,3748.56984044418,1
SUBDEVICES.NUM=0
SUBLOGICALMODELS.NUM=0
