ENTITYNAME=F4System
SYSCLASSIFYNAME=GYT
BASEFAMILY=1ba9e6db-08d1-4641-9903-8b1b5124187b.fam
OBJECTMODELPOINTER=1ba9e6db-08d1-4641-9903-8b1b5124187b.dev
TRANSFORMMATRIX=1,0,0,0,0,1,0,0,0,0,1,0,11060.0945262604,7310.28560367099,3600,1
SUBDEVICES.NUM=0
SUBLOGICALMODELS.NUM=0
