ENTITYNAME=F4System
SYSCLASSIFYNAME=GY0
BASEFAMILY=0df629af-29df-42a4-8366-1e2a385d3b48.fam
OBJECTMODELPOINTER=0df629af-29df-42a4-8366-1e2a385d3b48.dev
TRANSFORMMATRIX=1,0,0,0,0,1,0,0,0,0,1,0,26570.5704657752,13380,12820.0000000002,1
SUBDEVICES.NUM=0
SUBLOGICALMODELS.NUM=0
