ENTITYNAME=F4System
SYSCLASSIFYNAME=GY5
BASEFAMILY=35b525ba-cb16-4be2-97fa-ad11a6cbecaa.fam
OBJECTMODELPOINTER=35b525ba-cb16-4be2-97fa-ad11a6cbecaa.dev
TRANSFORMMATRIX=-1.83697019872103E-16,-1,0,0,1,-1.83697019872103E-16,0,0,0,0,1,0,50682.3077085536,20501.2211688434,7000,1
SUBDEVICES.NUM=0
SUBLOGICALMODELS.NUM=0
