ENTITYNAME=F4System
SYSCLASSIFYNAME=EE9
BASEFAMILY=6154eb35-e642-4b72-be65-723be21c29df.fam
OBJECTMODELPOINTER=6154eb35-e642-4b72-be65-723be21c29df.dev
TRANSFORMMATRIX=1,0,0,0,0,1,0,0,0,0,1,0,53884.5641128223,11444.9999999959,-1200,1
SUBDEVICES.NUM=0
SUBLOGICALMODELS.NUM=0
