ENTITYNAME=F4System
SYSCLASSIFYNAME=GJ5
BASEFAMILY=287bfe3a-38ef-42a8-b52a-ade7aa6f5649.fam
OBJECTMODELPOINTER=287bfe3a-38ef-42a8-b52a-ade7aa6f5649.dev
TRANSFORMMATRIX=-1.83697019872103E-16,-1,0,0,1,-1.83697019872103E-16,0,0,0,0,1,0,29899.9999999998,12899.9999999868,7600,1
SUBDEVICES.NUM=0
SUBLOGICALMODELS.NUM=0
