ENTITYNAME=F4System
SYSCLASSIFYNAME=GH3
BASEFAMILY=49295745-5e51-47f4-b557-68e8b6ea4010.fam
OBJECTMODELPOINTER=49295745-5e51-47f4-b557-68e8b6ea4010.dev
TRANSFORMMATRIX=6.12323399573677E-17,1,0,0,-1,6.12323399573677E-17,0,0,0,0,1,0,7735.54351479934,12282.1002291463,3300,1
SUBDEVICES.NUM=0
SUBLOGICALMODELS.NUM=0
