ENTITYNAME=F4System
SYSCLASSIFYNAME=GJ9
BASEFAMILY=71f0d0cb-0222-487b-a2dc-51d37aba7e91.fam
OBJECTMODELPOINTER=71f0d0cb-0222-487b-a2dc-51d37aba7e91.dev
TRANSFORMMATRIX=1,0,0,0,0,1,0,0,0,0,1,0,36315.0333972532,19600.0000000002,6800.00000000002,1
SUBDEVICES.NUM=0
SUBLOGICALMODELS.NUM=0
