ENTITYNAME=F4System
SYSCLASSIFYNAME=GYT
BASEFAMILY=52127c0b-b6d8-4abd-8f88-02900313bdaa.fam
OBJECTMODELPOINTER=52127c0b-b6d8-4abd-8f88-02900313bdaa.dev
TRANSFORMMATRIX=1,0,0,0,0,1,0,0,0,0,1,0,7752.68702323704,4150.02815208832,-500,1
SUBDEVICES.NUM=0
SUBLOGICALMODELS.NUM=0
