ENTITYNAME=F4System
SYSCLASSIFYNAME=CC5
BASEFAMILY=906b50e2-1b60-4b12-8f22-9e8cce3acec4.fam
OBJECTMODELPOINTER=906b50e2-1b60-4b12-8f22-9e8cce3acec4.dev
TRANSFORMMATRIX=1,0,0,0,0,1,0,0,0,0,1,0,33675.0000000007,18051.4267178682,10300,1
SUBDEVICES.NUM=0
SUBLOGICALMODELS.NUM=0
