ENTITYNAME=F4System
SYSCLASSIFYNAME=GJ7
BASEFAMILY=1e62a52c-3bf8-4e65-beab-6d0c100c0759.fam
OBJECTMODELPOINTER=1e62a52c-3bf8-4e65-beab-6d0c100c0759.dev
TRANSFORMMATRIX=1,0,0,0,0,1,0,0,0,0,1,0,69400.2950155831,29581.000000148,4169,1
SUBDEVICES.NUM=0
SUBLOGICALMODELS.NUM=0
