ENTITYNAME=F4System
SYSCLASSIFYNAME=G_H_6
BASEFAMILY=2d7c5c7f-73e7-4ae0-ac1e-97253c3accd3.fam
OBJECTMODELPOINTER=f7dc157e-42c3-4ee1-a950-94fe5d5a517d.dev
TRANSFORMMATRIX=-1,1.22464679914735E-16,0,0,-1.22464679914735E-16,-1,0,0,0,0,1,0,45108.8615425043,12365,1450,1
SUBDEVICES.NUM=1
SUBDEVICE0=51a02335-a8ff-4dbc-8c56-63bd78170572.cbm
SUBLOGICALMODELS.NUM=0
