ENTITYNAME=F4System
SYSCLASSIFYNAME=HJK
BASEFAMILY=1fd8a5a1-21a5-4463-a6d4-53a78725f065.fam
OBJECTMODELPOINTER=1fd8a5a1-21a5-4463-a6d4-53a78725f065.dev
TRANSFORMMATRIX=-1.83697019872103E-16,-1,0,0,1,-1.83697019872103E-16,0,0,0,0,1,0,47550,16425,7800,1
SUBDEVICES.NUM=0
SUBLOGICALMODELS.NUM=0
