ENTITYNAME=F4System
SYSCLASSIFYNAME=GH3
BASEFAMILY=085875fa-bdd0-447b-b32c-883f99e11d47.fam
OBJECTMODELPOINTER=085875fa-bdd0-447b-b32c-883f99e11d47.dev
TRANSFORMMATRIX=6.12323399573677E-17,1,0,0,-1,6.12323399573677E-17,0,0,0,0,1,0,24510.7526812545,11945.8318298394,4530,1
SUBDEVICES.NUM=0
SUBLOGICALMODELS.NUM=0
