ENTITYNAME=F4System
SYSCLASSIFYNAME=SGB
BASEFAMILY=7c7ad3d1-4037-450a-92b0-ca5b8eac7420.fam
OBJECTMODELPOINTER=7c7ad3d1-4037-450a-92b0-ca5b8eac7420.dev
TRANSFORMMATRIX=1,0,0,0,0,1,0,0,0,0,1,0,33810.3682994649,29600.000000146,3700,1
SUBDEVICES.NUM=0
SUBLOGICALMODELS.NUM=0
