ENTITYNAME=F4System
SYSCLASSIFYNAME=GY9
BASEFAMILY=5336e400-7921-4d05-b3e2-1560e547cbbe.fam
OBJECTMODELPOINTER=5336e400-7921-4d05-b3e2-1560e547cbbe.dev
TRANSFORMMATRIX=-1,1.22464679914735E-16,0,0,-1.22464679914735E-16,-1,0,0,0,0,1,0,41498.2358290233,12700.0000000002,6800,1
SUBDEVICES.NUM=0
SUBLOGICALMODELS.NUM=0
