ENTITYNAME=F4System
SYSCLASSIFYNAME=GJ9
BASEFAMILY=2afd6aab-20c7-4f6b-9d59-73732ec83bdd.fam
OBJECTMODELPOINTER=2afd6aab-20c7-4f6b-9d59-73732ec83bdd.dev
TRANSFORMMATRIX=1,0,0,0,0,1,0,0,0,0,1,0,25985.6382516539,19600.0000000002,6800,1
SUBDEVICES.NUM=0
SUBLOGICALMODELS.NUM=0
