ENTITYNAME=F4System
SYSCLASSIFYNAME=G_T_1
BASEFAMILY=0b7ff765-881c-43fd-a8fc-2b2354a04876.fam
OBJECTMODELPOINTER=0b7ff765-881c-43fd-a8fc-2b2354a04876.dev
TRANSFORMMATRIX=6.12323399573677E-17,1,0,0,-1,6.12323399573677E-17,0,0,0,0,1,0,32297.0284972968,22348.9720227862,1730,1
SUBDEVICES.NUM=14
SUBDEVICE0=399560d1-24b3-460f-b505-4e60a6ab8bd3.cbm
SUBDEVICE1=23800e05-ed52-4972-889b-7fe7a04e1ce5.cbm
SUBDEVICE2=2cbb83f5-36ad-4ab7-a332-2f0c1dad02c2.cbm
SUBDEVICE3=4b03ef0b-55be-4169-ba02-23952c490502.cbm
SUBDEVICE4=057eca09-8015-4c3c-960f-f94310b61d83.cbm
SUBDEVICE5=3812879c-6751-4e9e-91f7-3d56d41e4208.cbm
SUBDEVICE6=b720e413-0cd1-4af8-8c74-a6a1f7b5fe81.cbm
SUBDEVICE7=51be4c00-db8f-4de7-a46a-36b777008239.cbm
SUBDEVICE8=59488dac-7ad8-4165-9a4f-c2e00ff56935.cbm
SUBDEVICE9=3b13ad77-6abb-4f1b-a7b4-d4df7fca0b61.cbm
SUBDEVICE10=95cf479f-3b11-4f32-b506-e0be39dd02ce.cbm
SUBDEVICE11=2622e992-1d2c-4642-8bd2-13d0cf2f617a.cbm
SUBDEVICE12=d8dbe1ae-55a4-4858-8217-561cc95c2cdd.cbm
SUBDEVICE13=50eb7875-6783-424b-b920-0d630dcc5d5e.cbm
SUBLOGICALMODELS.NUM=0
