ENTITYNAME=F4System
SYSCLASSIFYNAME=GH2
BASEFAMILY=80c390c4-60b9-4592-81f0-7961e7d39403.fam
OBJECTMODELPOINTER=80c390c4-60b9-4592-81f0-7961e7d39403.dev
TRANSFORMMATRIX=6.12323399573677E-17,1,0,0,-1,6.12323399573677E-17,0,0,0,0,1,0,33899.9999684494,15619.4033000546,9800,1
SUBDEVICES.NUM=0
SUBLOGICALMODELS.NUM=0
