ENTITYNAME=F4System
SYSCLASSIFYNAME=GH3
BASEFAMILY=10f18a5d-37fb-48db-89e3-8cb81f052078.fam
OBJECTMODELPOINTER=10f18a5d-37fb-48db-89e3-8cb81f052078.dev
TRANSFORMMATRIX=1,0,0,0,0,1,0,0,0,0,1,0,66600.0000000003,17223.2256292265,1300,1
SUBDEVICES.NUM=0
SUBLOGICALMODELS.NUM=0
