ENTITYNAME=F4System
SYSCLASSIFYNAME=GH3
BASEFAMILY=23317a7d-5547-4612-9427-f8ad691a4cf8.fam
OBJECTMODELPOINTER=23317a7d-5547-4612-9427-f8ad691a4cf8.dev
TRANSFORMMATRIX=6.12323399573677E-17,1,0,0,-1,6.12323399573677E-17,0,0,0,0,1,0,13764.9594507896,9804.7843362108,3200,1
SUBDEVICES.NUM=0
SUBLOGICALMODELS.NUM=0
