ENTITYNAME=F4System
SYSCLASSIFYNAME=GY5
BASEFAMILY=25255b62-9240-403a-a15d-ae23a110671e.fam
OBJECTMODELPOINTER=25255b62-9240-403a-a15d-ae23a110671e.dev
TRANSFORMMATRIX=6.12323399573677E-17,1,0,0,-1,6.12323399573677E-17,0,0,0,0,1,0,65117.6922914721,20483.24006802,7000,1
SUBDEVICES.NUM=0
SUBLOGICALMODELS.NUM=0
