ENTITYNAME=F4System
SYSCLASSIFYNAME=SGB
BASEFAMILY=02e246c9-9e16-4ac2-ab8d-ff4ad0f4b271.fam
OBJECTMODELPOINTER=02e246c9-9e16-4ac2-ab8d-ff4ad0f4b271.dev
TRANSFORMMATRIX=-1,1.22464679914735E-16,0,0,-1.22464679914735E-16,-1,0,0,0,0,1,0,54523.0793900639,10400.0000001555,3700,1
SUBDEVICES.NUM=0
SUBLOGICALMODELS.NUM=0
