ENTITYNAME=F4System
SYSCLASSIFYNAME=SDB
BASEFAMILY=50cb2684-47eb-4b12-aa39-e68dcaeffffd.fam
OBJECTMODELPOINTER=50cb2684-47eb-4b12-aa39-e68dcaeffffd.dev
TRANSFORMMATRIX=6.12323399573677E-17,1,0,0,-1,6.12323399573677E-17,0,0,0,0,1,0,64600.0000000171,12369.8829961855,2800,1
SUBDEVICES.NUM=0
SUBLOGICALMODELS.NUM=0
