ENTITYNAME=F4System
SYSCLASSIFYNAME=G_T_1
BASEFAMILY=f2de9908-6392-4b1f-ac82-35d01d9da2c4.fam
OBJECTMODELPOINTER=0b7ff765-881c-43fd-a8fc-2b2354a04876.dev
TRANSFORMMATRIX=6.12323399573677E-17,1,0,0,-1,6.12323399573677E-17,0,0,0,0,1,0,45797.0284972912,22348.9720227862,1730,1
SUBDEVICES.NUM=13
SUBDEVICE0=328683b8-77e0-47c9-a353-fcd1d55f82ef.cbm
SUBDEVICE1=3170fdd5-1ea6-46ac-ad82-c49c772affd6.cbm
SUBDEVICE2=1f24819d-5a74-40b9-923d-bcff65f56a99.cbm
SUBDEVICE3=4cd041c9-949d-4637-b546-c07366b3a4a4.cbm
SUBDEVICE4=4ed2f65c-9e2c-45be-b6b9-617344e2eef9.cbm
SUBDEVICE5=9b6998eb-b0db-47b0-887a-d6b902e3bccf.cbm
SUBDEVICE6=dd6e91bb-6106-44c9-9915-043dd3daa9ee.cbm
SUBDEVICE7=77f77686-a233-47ad-a310-2c8ba6ac3dd6.cbm
SUBDEVICE8=1f053012-90b5-4753-a594-79a389249ef5.cbm
SUBDEVICE9=e5252adc-131f-4bda-90a8-1f6fa4107ec8.cbm
SUBDEVICE10=5d41cd4a-d926-4779-a2c3-de99fe253482.cbm
SUBDEVICE11=87b0efaa-ddbe-4033-927c-d05fd8ab55f7.cbm
SUBDEVICE12=075be386-80c5-4839-94f4-b711aef83734.cbm
SUBLOGICALMODELS.NUM=0
