ENTITYNAME=F4System
SYSCLASSIFYNAME=SDB
BASEFAMILY=61e27feb-e2d3-4c07-8208-bd7a24e28c13.fam
OBJECTMODELPOINTER=61e27feb-e2d3-4c07-8208-bd7a24e28c13.dev
TRANSFORMMATRIX=1,0,0,0,0,1,0,0,0,0,1,0,66539.234673214,29600.0000001478,2800,1
SUBDEVICES.NUM=0
SUBLOGICALMODELS.NUM=0
