ENTITYNAME=F4System
SYSCLASSIFYNAME=GY5
BASEFAMILY=908afcc5-3b81-4bd3-8aa7-4e93bdecc670.fam
OBJECTMODELPOINTER=908afcc5-3b81-4bd3-8aa7-4e93bdecc670.dev
TRANSFORMMATRIX=6.12323399573677E-17,1,0,0,-1,6.12323399573677E-17,0,0,0,0,1,0,38417.6922914439,20420.1925020963,5500,1
SUBDEVICES.NUM=0
SUBLOGICALMODELS.NUM=0
