ENTITYNAME=F4System
SYSCLASSIFYNAME=CC4
BASEFAMILY=85b17d17-ce5d-41f7-836f-611a114f9578.fam
OBJECTMODELPOINTER=85b17d17-ce5d-41f7-836f-611a114f9578.dev
TRANSFORMMATRIX=6.12323399573677E-17,1,0,0,-1,6.12323399573677E-17,0,0,0,0,1,0,6491.00000005365,7544.58180042947,540,1
SUBDEVICES.NUM=0
SUBLOGICALMODELS.NUM=0
