ENTITYNAME=F4System
SYSCLASSIFYNAME=GH2
BASEFAMILY=902f8e54-a131-4005-a1b2-adb1e9bdfec9.fam
OBJECTMODELPOINTER=902f8e54-a131-4005-a1b2-adb1e9bdfec9.dev
TRANSFORMMATRIX=6.12323399573677E-17,1,0,0,-1,6.12323399573677E-17,0,0,0,0,1,0,26449.9999994701,17875.0000000061,9000,1
SUBDEVICES.NUM=0
SUBLOGICALMODELS.NUM=0
