ENTITYNAME=F4System
SYSCLASSIFYNAME=GJ7
BASEFAMILY=3458a648-0d99-4f94-a1f3-0ad2b08f532b.fam
OBJECTMODELPOINTER=3458a648-0d99-4f94-a1f3-0ad2b08f532b.dev
TRANSFORMMATRIX=1,0,0,0,0,1,0,0,0,0,1,0,57450.9302126459,29581.0000001491,4169,1
SUBDEVICES.NUM=0
SUBLOGICALMODELS.NUM=0
