ENTITYNAME=F4System
SYSCLASSIFYNAME=GJ1
BASEFAMILY=079485d9-346b-432e-b6b9-311035bbe7eb.fam
OBJECTMODELPOINTER=079485d9-346b-432e-b6b9-311035bbe7eb.dev
TRANSFORMMATRIX=-1,1.22464679914735E-16,0,0,-1.22464679914735E-16,-1,0,0,0,0,1,0,43342.285423819,420.50718279698,0,1
SUBDEVICES.NUM=0
SUBLOGICALMODELS.NUM=0
