ENTITYNAME=F4System
SYSCLASSIFYNAME=GY0
BASEFAMILY=893354a1-c466-481d-af61-d0aef1c6d1d4.fam
OBJECTMODELPOINTER=893354a1-c466-481d-af61-d0aef1c6d1d4.dev
TRANSFORMMATRIX=-1,1.22464679914735E-16,0,0,-1.22464679914735E-16,-1,0,0,0,0,1,0,9245.67430406884,2820.00000000215,2900.00000000019,1
SUBDEVICES.NUM=0
SUBLOGICALMODELS.NUM=0
