ENTITYNAME=F4System
SYSCLASSIFYNAME=GH4
BASEFAMILY=35dc0286-5de6-42ab-b355-80a8bd89d8f4.fam
OBJECTMODELPOINTER=35dc0286-5de6-42ab-b355-80a8bd89d8f4.dev
TRANSFORMMATRIX=-1,1.22464679914735E-16,0,0,-1.22464679914735E-16,-1,0,0,0,0,1,0,38799.9999999996,16299.9999999978,5100,1
SUBDEVICES.NUM=0
SUBLOGICALMODELS.NUM=0
