ENTITYNAME=F4System
SYSCLASSIFYNAME=GH4
BASEFAMILY=759cc234-8f08-4da1-bd9b-a09a0ed42168.fam
OBJECTMODELPOINTER=759cc234-8f08-4da1-bd9b-a09a0ed42168.dev
TRANSFORMMATRIX=1,0,0,0,0,1,0,0,0,0,1,0,40599.9999999996,14099.9999999978,5100,1
SUBDEVICES.NUM=0
SUBLOGICALMODELS.NUM=0
