ENTITYNAME=F4System
SYSCLASSIFYNAME=GH3
BASEFAMILY=3d8d9392-0e92-4d9d-a3c8-e690cef27ad8.fam
OBJECTMODELPOINTER=3d8d9392-0e92-4d9d-a3c8-e690cef27ad8.dev
TRANSFORMMATRIX=6.12323399573677E-17,1,0,0,-1,6.12323399573677E-17,0,0,0,0,1,0,55013.8028953406,11452.0738624544,10200,1
SUBDEVICES.NUM=0
SUBLOGICALMODELS.NUM=0
