ENTITYNAME=F4System
SYSCLASSIFYNAME=GH3
BASEFAMILY=5f0c57f9-ea41-49f9-9b15-5bb59a84e80d.fam
OBJECTMODELPOINTER=5f0c57f9-ea41-49f9-9b15-5bb59a84e80d.dev
TRANSFORMMATRIX=6.12323399573677E-17,1,0,0,-1,6.12323399573677E-17,0,0,0,0,1,0,11003.5367199205,13626.051504051,3300,1
SUBDEVICES.NUM=0
SUBLOGICALMODELS.NUM=0
