ENTITYNAME=F4System
SYSCLASSIFYNAME=GY3
BASEFAMILY=4e6714de-a589-42b8-bcf3-3a5649f963e7.fam
OBJECTMODELPOINTER=4e6714de-a589-42b8-bcf3-3a5649f963e7.dev
TRANSFORMMATRIX=-1,1.22464679914735E-16,0,0,-1.22464679914735E-16,-1,0,0,0,0,1,0,10232.2366422244,5900.00000000085,1800,1
SUBDEVICES.NUM=0
SUBLOGICALMODELS.NUM=0
