ENTITYNAME=F4System
SYSCLASSIFYNAME=XHS
BASEFAMILY=6c206c67-8954-43d7-960c-f40bf692a15c.fam
OBJECTMODELPOINTER=6c206c67-8954-43d7-960c-f40bf692a15c.dev
TRANSFORMMATRIX=-1,1.22464679914735E-16,0,0,-1.22464679914735E-16,-1,0,0,0,0,1,0,28515.5744198468,10300.0000000008,99.9999999999982,1
SUBDEVICES.NUM=0
SUBLOGICALMODELS.NUM=0
