ENTITYNAME=F4System
SYSCLASSIFYNAME=DLM
BASEFAMILY=0f0cfe6f-0817-4759-9cc1-e1317b0d66fc.fam
OBJECTMODELPOINTER=0f0cfe6f-0817-4759-9cc1-e1317b0d66fc.dev
TRANSFORMMATRIX=1,0,0,0,0,-4.97899625051475E-17,1,0,0,-1,-4.97899625051475E-17,0,60834.2018896639,19900.0000001465,3755,1
SUBDEVICES.NUM=0
SUBLOGICALMODELS.NUM=0
