ENTITYNAME=F4System
SYSCLASSIFYNAME=BB1
BASEFAMILY=9c7bbc49-5d29-493b-99e0-999a2b018bee.fam
OBJECTMODELPOINTER=9c7bbc49-5d29-493b-99e0-999a2b018bee.dev
TRANSFORMMATRIX=-1,1.22464679914735E-16,0,0,-1.22464679914735E-16,-1,0,0,0,0,1,0,25152.0421134385,13800.0000000003,8800,1
SUBDEVICES.NUM=0
SUBLOGICALMODELS.NUM=0
