ENTITYNAME=F4System
SYSCLASSIFYNAME=EE8
BASEFAMILY=3ddae900-7c01-4e74-b193-3f559e81527a.fam
OBJECTMODELPOINTER=3ddae900-7c01-4e74-b193-3f559e81527a.dev
TRANSFORMMATRIX=1,0,0,0,0,1,0,0,0,0,1,0,66509.7803257092,11895.4668091087,10300,1
SUBDEVICES.NUM=0
SUBLOGICALMODELS.NUM=0
