ENTITYNAME=F4System
SYSCLASSIFYNAME=GJ7
BASEFAMILY=50fee4c4-e557-43e9-80d3-0a0ee4ea2219.fam
OBJECTMODELPOINTER=50fee4c4-e557-43e9-80d3-0a0ee4ea2219.dev
TRANSFORMMATRIX=1,0,0,0,0,1,0,0,0,0,1,0,30500.0000000272,29581.0000001491,4169,1
SUBDEVICES.NUM=0
SUBLOGICALMODELS.NUM=0
