ENTITYNAME=F4System
SYSCLASSIFYNAME=XFX
BASEFAMILY=7c6063a8-30f4-43a6-aedf-b127e4ab2dee.fam
OBJECTMODELPOINTER=7c6063a8-30f4-43a6-aedf-b127e4ab2dee.dev
TRANSFORMMATRIX=-1,1.22464679914735E-16,0,0,-1.22464679914735E-16,-1,0,0,0,0,1,0,26953.6992363647,17100.0000001493,2800,1
SUBDEVICES.NUM=0
SUBLOGICALMODELS.NUM=0
