ENTITYNAME=F4System
SYSCLASSIFYNAME=GJ5
BASEFAMILY=656cd956-e442-44f9-8636-dcccda9eb7e1.fam
OBJECTMODELPOINTER=656cd956-e442-44f9-8636-dcccda9eb7e1.dev
TRANSFORMMATRIX=1,0,0,0,0,1,0,0,0,0,1,0,8303.58066477925,5700.00000000299,1600,1
SUBDEVICES.NUM=0
SUBLOGICALMODELS.NUM=0
