ENTITYNAME=F4System
SYSCLASSIFYNAME=GH2
BASEFAMILY=08075803-ae1a-4a94-9790-7699c7a43899.fam
OBJECTMODELPOINTER=08075803-ae1a-4a94-9790-7699c7a43899.dev
TRANSFORMMATRIX=6.12323399573677E-17,1,0,0,-1,6.12323399573677E-17,0,0,0,0,1,0,45899.9999684494,19080.3053709608,9800,1
SUBDEVICES.NUM=0
SUBLOGICALMODELS.NUM=0
