ENTITYNAME=F4System
SYSCLASSIFYNAME=GJ7
BASEFAMILY=9ba18ba6-6f74-45b4-84a6-de13fb88a743.fam
OBJECTMODELPOINTER=9ba18ba6-6f74-45b4-84a6-de13fb88a743.dev
TRANSFORMMATRIX=-1,-4.32646832397835E-16,-5.5511151231257E-17,0,-7.33087343458563E-16,-1,-1.66533453693771E-16,0,-5.55111512312579E-17,1.38777878078145E-17,1,0,32854.7720969759,12613.1581180574,8599.99999999999,1
SUBDEVICES.NUM=0
SUBLOGICALMODELS.NUM=0
