ENTITYNAME=F4System
SYSCLASSIFYNAME=GH2
BASEFAMILY=4e14e54f-35da-4d51-9e79-1b435fbe5b47.fam
OBJECTMODELPOINTER=4e14e54f-35da-4d51-9e79-1b435fbe5b47.dev
TRANSFORMMATRIX=1,0,0,0,0,1,0,0,0,0,1,0,59770.5976738793,11996.1774139199,4200,1
SUBDEVICES.NUM=0
SUBLOGICALMODELS.NUM=0
