ENTITYNAME=F4System
SYSCLASSIFYNAME=SGB
BASEFAMILY=9aba8263-1aa3-4478-bc28-f1a102d77d1b.fam
OBJECTMODELPOINTER=9aba8263-1aa3-4478-bc28-f1a102d77d1b.dev
TRANSFORMMATRIX=-1,1.22464679914735E-16,0,0,-1.22464679914735E-16,-1,0,0,0,0,1,0,9623.69484546028,5797.30515459029,-3500,1
SUBDEVICES.NUM=0
SUBLOGICALMODELS.NUM=0
