ENTITYNAME=F4System
SYSCLASSIFYNAME=GJ5
BASEFAMILY=6dae6d3b-5a90-4b73-9510-a0203d88d1fc.fam
OBJECTMODELPOINTER=6dae6d3b-5a90-4b73-9510-a0203d88d1fc.dev
TRANSFORMMATRIX=-1,8.99620797152338E-16,5.55111512312573E-17,0,5.43669134860353E-16,-1,-2.49800180540658E-16,0,-4.44089209850063E-16,-5.55111512312578E-16,1,0,46995.3739644002,10400,2800.00000000001,1
SUBDEVICES.NUM=0
SUBLOGICALMODELS.NUM=0
