ENTITYNAME=F4System
SYSCLASSIFYNAME=GH4
BASEFAMILY=7c455dae-297e-4a72-9e71-21004cee5592.fam
OBJECTMODELPOINTER=7c455dae-297e-4a72-9e71-21004cee5592.dev
TRANSFORMMATRIX=1,0,0,0,0,1,0,0,0,0,1,0,37599.9999999996,14099.9999999978,5100,1
SUBDEVICES.NUM=0
SUBLOGICALMODELS.NUM=0
