ENTITYNAME=F4System
SYSCLASSIFYNAME=GH2
BASEFAMILY=27bc71eb-24a7-4869-b9c3-28cc64f3b516.fam
OBJECTMODELPOINTER=27bc71eb-24a7-4869-b9c3-28cc64f3b516.dev
TRANSFORMMATRIX=6.12323399573677E-17,1,0,0,-1,6.12323399573677E-17,0,0,0,0,1,0,32249.9999999998,18485.6995081179,4200,1
SUBDEVICES.NUM=0
SUBLOGICALMODELS.NUM=0
