ENTITYNAME=F4System
SYSCLASSIFYNAME=SGB
BASEFAMILY=2c72ce89-ad39-4f3c-b06c-573ac241549d.fam
OBJECTMODELPOINTER=2c72ce89-ad39-4f3c-b06c-573ac241549d.dev
TRANSFORMMATRIX=1,0,0,0,0,1,0,0,0,0,1,0,60800.3814681336,29600.000000146,3700,1
SUBDEVICES.NUM=0
SUBLOGICALMODELS.NUM=0
