ENTITYNAME=F4System
SYSCLASSIFYNAME=&GIS
BASEFAMILY=94eb9d56-6352-4fc8-964a-37fb31d1e5e0.fam
OBJECTMODELPOINTER=94eb9d56-6352-4fc8-964a-37fb31d1e5e0.dev
TRANSFORMMATRIX=-1.83697019872103E-16,-1,0,0,1,-1.83697019872103E-16,0,0,0,0,1,0,69550.1950296917,20500.0017490001,1510,1
SUBDEVICES.NUM=6
SUBDEVICE0=dd8d6138-3e86-40f4-a85a-0aacf1ac451f.cbm
SUBDEVICE1=e4995c6c-3189-41fe-af21-129e382ba9fe.cbm
SUBDEVICE2=26ead494-f662-44bc-9f7f-930a1784aed0.cbm
SUBDEVICE3=e1282cd9-6441-492c-9181-27a6e491fa8d.cbm
SUBDEVICE4=501d6c2d-fc2c-49d8-88b3-92887566dd74.cbm
SUBDEVICE5=70a9d2af-b02d-4e76-ae6c-bc79d30e7b40.cbm
SUBLOGICALMODELS.NUM=0
