ENTITYNAME=F4System
SYSCLASSIFYNAME=G_V_4
BASEFAMILY=499b244b-1142-4e3f-b98a-38110b36ef72.fam
OBJECTMODELPOINTER=499b244b-1142-4e3f-b98a-38110b36ef72.dev
TRANSFORMMATRIX=-1.83697019872103E-16,-1,0,0,1,-1.83697019872103E-16,0,0,0,0,1,0,30999.4262723538,12501.5225350237,1499.97810048748,1
SUBDEVICES.NUM=8
SUBDEVICE0=b9296638-9368-4f45-9026-23e40f8c1ef6.cbm
SUBDEVICE1=d9b48fa6-3470-4d1d-89bc-e2dc62384c6a.cbm
SUBDEVICE2=7d530631-0d12-4f3a-8363-8f96dab7ca31.cbm
SUBDEVICE3=0938822d-4b77-4fbe-aec6-5753dc27d0d9.cbm
SUBDEVICE4=586b87a1-0fd0-4acf-84bf-b28699908c01.cbm
SUBDEVICE5=42e9a220-6398-446c-b165-422696f57d06.cbm
SUBDEVICE6=1a4e2a6a-021d-41a1-8c49-f066042e4f5d.cbm
SUBDEVICE7=4b3a1c37-f253-4d48-9b02-397278ed57a4.cbm
SUBLOGICALMODELS.NUM=0
