ENTITYNAME=F4System
SYSCLASSIFYNAME=GYT
BASEFAMILY=3e5f1ecd-3de1-4245-b6bc-ce94b4a2066c.fam
OBJECTMODELPOINTER=3e5f1ecd-3de1-4245-b6bc-ce94b4a2066c.dev
TRANSFORMMATRIX=1,0,0,0,0,1,0,0,0,0,1,0,44382.5385622373,11423.9331184596,9700,1
SUBDEVICES.NUM=0
SUBLOGICALMODELS.NUM=0
