ENTITYNAME=F4System
SYSCLASSIFYNAME=GWG
BASEFAMILY=0ecaad4b-7502-49b7-b524-46b030241cda.fam
OBJECTMODELPOINTER=0ecaad4b-7502-49b7-b524-46b030241cda.dev
TRANSFORMMATRIX=1,0,0,0,0,1,0,0,0,0,1,0,42092.3837753445,15073.0376804225,6100.00000000001,1
SUBDEVICES.NUM=0
SUBLOGICALMODELS.NUM=0
