ENTITYNAME=F4System
SYSCLASSIFYNAME=G_H_4
BASEFAMILY=190d1bad-a9a0-4754-bc81-5888c316ee25.fam
OBJECTMODELPOINTER=29abc182-b720-40f2-a987-624c5ff75040.dev
TRANSFORMMATRIX=1,0,0,0,0,1,0,0,0,0,1,0,48873.819951152,25099.9722089778,3748.56984044418,1
SUBDEVICES.NUM=0
SUBLOGICALMODELS.NUM=0
