ENTITYNAME=F4System
SYSCLASSIFYNAME=G_H_6
BASEFAMILY=0f376911-5f07-4bd7-946a-ca91cb7a911a.fam
OBJECTMODELPOINTER=f7dc157e-42c3-4ee1-a950-94fe5d5a517d.dev
TRANSFORMMATRIX=-1,1.22464679914735E-16,0,0,-1.22464679914735E-16,-1,0,0,0,0,1,0,40906.3730855163,12365,1450,1
SUBDEVICES.NUM=1
SUBDEVICE0=77077750-eec2-4368-bf74-0d6ee9c5fd51.cbm
SUBLOGICALMODELS.NUM=0
