ENTITYNAME=F4System
SYSCLASSIFYNAME=BB7
BASEFAMILY=501a535c-e430-4e86-8b4a-dc0feba8088e.fam
OBJECTMODELPOINTER=501a535c-e430-4e86-8b4a-dc0feba8088e.dev
TRANSFORMMATRIX=-1.83697019872103E-16,-1,0,0,1,-1.83697019872103E-16,0,0,0,0,1,0,23200.0000000075,17293.0866420533,1500,1
SUBDEVICES.NUM=0
SUBLOGICALMODELS.NUM=0
