ENTITYNAME=F4System
SYSCLASSIFYNAME=GH3
BASEFAMILY=02584338-f3c8-4699-b21e-eda11934fbeb.fam
OBJECTMODELPOINTER=02584338-f3c8-4699-b21e-eda11934fbeb.dev
TRANSFORMMATRIX=6.12323399573677E-17,1,0,0,-1,6.12323399573677E-17,0,0,0,0,1,0,22606.7327693924,16901.1037051093,5250,1
SUBDEVICES.NUM=0
SUBLOGICALMODELS.NUM=0
