ENTITYNAME=F4System
SYSCLASSIFYNAME=GWG
BASEFAMILY=4d7084c5-03e1-4651-ad10-130ba19e58cc.fam
OBJECTMODELPOINTER=4d7084c5-03e1-4651-ad10-130ba19e58cc.dev
TRANSFORMMATRIX=1,0,0,0,0,1,0,0,0,0,1,0,34905.8474230235,15436.5773152983,9700,1
SUBDEVICES.NUM=0
SUBLOGICALMODELS.NUM=0
