ENTITYNAME=F4System
SYSCLASSIFYNAME=GJ9
BASEFAMILY=1e581885-cdec-442f-8586-9d238cfaf20b.fam
OBJECTMODELPOINTER=1e581885-cdec-442f-8586-9d238cfaf20b.dev
TRANSFORMMATRIX=-1,1.22464679914735E-16,0,0,-1.22464679914735E-16,-1,0,0,0,0,1,0,42750,12700,6800,1
SUBDEVICES.NUM=0
SUBLOGICALMODELS.NUM=0
