ENTITYNAME=F4System
SYSCLASSIFYNAME=GJ7
BASEFAMILY=43ec4f67-248f-4058-bc12-11b930009707.fam
OBJECTMODELPOINTER=43ec4f67-248f-4058-bc12-11b930009707.dev
TRANSFORMMATRIX=-1,-1.16743491188625E-16,0,0,1.16743491188625E-16,-1,0,0,0,0,1,0,24844.9999999999,13594.7999999997,12820.0000000002,1
SUBDEVICES.NUM=0
SUBLOGICALMODELS.NUM=0
