ENTITYNAME=F4System
SYSCLASSIFYNAME=GJ8
BASEFAMILY=10291f6a-9f2e-4fa1-8b52-b5d223c76768.fam
OBJECTMODELPOINTER=10291f6a-9f2e-4fa1-8b52-b5d223c76768.dev
TRANSFORMMATRIX=-1.3634246772255E-16,-1,-3.88578058618799E-16,0,1,-8.08313164912926E-17,-2.77555756156285E-17,0,-1.11022302462516E-16,-1.66533453693773E-16,1,0,42997.9999999989,22936.2439295258,2100.00000000001,1
SUBDEVICES.NUM=0
SUBLOGICALMODELS.NUM=0
