ENTITYNAME=F4System
SYSCLASSIFYNAME=XFX
BASEFAMILY=664307a4-f942-4cb7-819d-75a2d9939cf6.fam
OBJECTMODELPOINTER=664307a4-f942-4cb7-819d-75a2d9939cf6.dev
TRANSFORMMATRIX=1,0,0,0,0,1,0,0,0,0,1,0,26252.3447785124,19600.0000001477,2800,1
SUBDEVICES.NUM=0
SUBLOGICALMODELS.NUM=0
