ENTITYNAME=F4System
SYSCLASSIFYNAME=GJ7
BASEFAMILY=0d6c3fd1-95ed-4b51-8982-b5af9cb3490c.fam
OBJECTMODELPOINTER=0d6c3fd1-95ed-4b51-8982-b5af9cb3490c.dev
TRANSFORMMATRIX=-1.83697019872103E-16,-1,0,0,1,-1.83697019872103E-16,0,0,0,0,1,0,64369.2428559389,11446.9012305103,8600,1
SUBDEVICES.NUM=0
SUBLOGICALMODELS.NUM=0
