ENTITYNAME=F4System
SYSCLASSIFYNAME=GH4
BASEFAMILY=39fef235-15dd-4db0-a662-00ee283195d2.fam
OBJECTMODELPOINTER=39fef235-15dd-4db0-a662-00ee283195d2.dev
TRANSFORMMATRIX=1,0,0,0,0,1,0,0,0,0,1,0,41799.9999999996,14099.9999999978,5100,1
SUBDEVICES.NUM=0
SUBLOGICALMODELS.NUM=0
