ENTITYNAME=F4System
SYSCLASSIFYNAME=GH3
BASEFAMILY=590c105b-99b2-4548-90c2-d9257476c345.fam
OBJECTMODELPOINTER=590c105b-99b2-4548-90c2-d9257476c345.dev
TRANSFORMMATRIX=6.12323399573677E-17,1,0,0,-1,6.12323399573677E-17,0,0,0,0,1,0,58100.0000000266,9274.69223730167,4350,1
SUBDEVICES.NUM=0
SUBLOGICALMODELS.NUM=0
