ENTITYNAME=F4System
SYSCLASSIFYNAME=GYT
BASEFAMILY=6448bc59-3635-4611-9ee2-8c888dc4e617.fam
OBJECTMODELPOINTER=6448bc59-3635-4611-9ee2-8c888dc4e617.dev
TRANSFORMMATRIX=1,0,0,0,0,1,0,0,0,0,1,0,39382.5385622373,11423.9331184596,9700,1
SUBDEVICES.NUM=0
SUBLOGICALMODELS.NUM=0
