ENTITYNAME=F4System
SYSCLASSIFYNAME=GYT
BASEFAMILY=282cc078-48dd-44bb-8a74-8bd16262dbb3.fam
OBJECTMODELPOINTER=282cc078-48dd-44bb-8a74-8bd16262dbb3.dev
TRANSFORMMATRIX=1,0,0,0,0,1,0,0,0,0,1,0,54382.5385622373,11423.9331184596,9700,1
SUBDEVICES.NUM=0
SUBLOGICALMODELS.NUM=0
