ENTITYNAME=F4System
SYSCLASSIFYNAME=SGB
BASEFAMILY=90b13e9d-d27f-4603-a2f1-cf8a7cf3d291.fam
OBJECTMODELPOINTER=90b13e9d-d27f-4603-a2f1-cf8a7cf3d291.dev
TRANSFORMMATRIX=1,2.71050543121374E-20,-3.46944695195361E-18,0,3.46944695195358E-18,4.25524269912494E-16,1,0,6.77626357803434E-20,-1,4.13381205580656E-16,0,67735.5195036939,13630.0000001475,999.999999999954,1
SUBDEVICES.NUM=0
SUBLOGICALMODELS.NUM=0
