ENTITYNAME=F4System
SYSCLASSIFYNAME=&GIS
BASEFAMILY=8aa869fb-2083-4a95-9894-2f2b4cd5f14b.fam
OBJECTMODELPOINTER=5a436e63-85a7-4046-9bca-975203d6842b.dev
TRANSFORMMATRIX=-1.83697019872103E-16,-1,0,0,1,-1.83697019872103E-16,0,0,0,0,1,0,69550.0010842791,15899.9985893391,1510,1
SUBDEVICES.NUM=6
SUBDEVICE0=5d93beaf-031c-41e9-8c77-07a43ad71646.cbm
SUBDEVICE1=4542dd5a-5335-434b-ad79-d259ae77fb48.cbm
SUBDEVICE2=b4073600-518f-4d08-9a1a-87cb3c1fb496.cbm
SUBDEVICE3=bd61bda7-9d63-425d-861a-24e1bf8476ab.cbm
SUBDEVICE4=376e0b58-ec8b-49d9-a696-acd850a5baf2.cbm
SUBDEVICE5=0486fab5-625c-4592-b3e7-fcb11b9db292.cbm
SUBLOGICALMODELS.NUM=0
