ENTITYNAME=F4System
SYSCLASSIFYNAME=&GIS
BASEFAMILY=c5f0da79-1080-475c-81df-cc4856ac8431.fam
OBJECTMODELPOINTER=c5f0da79-1080-475c-81df-cc4856ac8431.dev
TRANSFORMMATRIX=-1.83697019872103E-16,-1,0,0,1,-1.83697019872103E-16,0,0,0,0,1,0,69097.0010842792,23500.0017497543,1510,1
SUBDEVICES.NUM=7
SUBDEVICE0=56f10e27-93b2-4bbf-be24-8d27cb6cf3c8.cbm
SUBDEVICE1=2624074a-da69-4784-bba8-188056e0269a.cbm
SUBDEVICE2=70841314-c1da-4b44-ac37-2c6e983610da.cbm
SUBDEVICE3=fdb3e397-cefb-4611-8c5e-0c493c9e711c.cbm
SUBDEVICE4=42095abc-20a7-4264-853c-845a2a8af617.cbm
SUBDEVICE5=484b915e-4881-484f-b217-caebd815561c.cbm
SUBDEVICE6=76b15dc1-d895-4f64-84ae-72864e14f64c.cbm
SUBLOGICALMODELS.NUM=0
