ENTITYNAME=F4System
SYSCLASSIFYNAME=GJ4
BASEFAMILY=5723b406-de1c-4592-9d41-4dbb5cf0de7f.fam
OBJECTMODELPOINTER=5723b406-de1c-4592-9d41-4dbb5cf0de7f.dev
TRANSFORMMATRIX=1,0,0,0,0,1,0,0,0,0,1,0,7924.77314557956,13400.0000000021,1600,1
SUBDEVICES.NUM=0
SUBLOGICALMODELS.NUM=0
