ENTITYNAME=F4System
SYSCLASSIFYNAME=GH2
BASEFAMILY=8eac8206-d397-47c5-ba97-db139afe1db0.fam
OBJECTMODELPOINTER=8eac8206-d397-47c5-ba97-db139afe1db0.dev
TRANSFORMMATRIX=6.12323399573677E-17,1,0,0,-1,6.12323399573677E-17,0,0,0,0,1,0,54500,11085.6995081177,4200,1
SUBDEVICES.NUM=0
SUBLOGICALMODELS.NUM=0
