ENTITYNAME=F4System
SYSCLASSIFYNAME=GJ9
BASEFAMILY=24b0b199-b0b9-44ef-b622-7a08fc671fc1.fam
OBJECTMODELPOINTER=24b0b199-b0b9-44ef-b622-7a08fc671fc1.dev
TRANSFORMMATRIX=6.12323399573677E-17,1,0,0,-1,6.12323399573677E-17,0,0,0,0,1,0,23900,17849.7678709496,6800,1
SUBDEVICES.NUM=0
SUBLOGICALMODELS.NUM=0
