ENTITYNAME=F4System
SYSCLASSIFYNAME=XHS
BASEFAMILY=6361e17e-9b56-4776-9e6c-9a75eac56f5f.fam
OBJECTMODELPOINTER=6361e17e-9b56-4776-9e6c-9a75eac56f5f.dev
TRANSFORMMATRIX=-1,1.22464679914735E-16,0,0,-1.22464679914735E-16,-1,0,0,0,0,1,0,68258.2796636641,10400.0000001466,2800,1
SUBDEVICES.NUM=0
SUBLOGICALMODELS.NUM=0
