ENTITYNAME=F4System
SYSCLASSIFYNAME=GH4
BASEFAMILY=195c16df-3420-4464-b8ae-d63e48274ea6.fam
OBJECTMODELPOINTER=195c16df-3420-4464-b8ae-d63e48274ea6.dev
TRANSFORMMATRIX=1,0,0,0,0,1,0,0,0,0,1,0,38799.9999999996,14099.9999999978,5100,1
SUBDEVICES.NUM=0
SUBLOGICALMODELS.NUM=0
