ENTITYNAME=F4System
SYSCLASSIFYNAME=XHS
BASEFAMILY=65e7f7f3-41b5-446c-a25d-577d6720fab5.fam
OBJECTMODELPOINTER=65e7f7f3-41b5-446c-a25d-577d6720fab5.dev
TRANSFORMMATRIX=1,0,0,0,0,1,0,0,0,0,1,0,28909.035768155,13400.0000001479,7800,1
SUBDEVICES.NUM=0
SUBLOGICALMODELS.NUM=0
