ENTITYNAME=F4System
SYSCLASSIFYNAME=GWG
BASEFAMILY=2dd629f5-0cf6-4d87-8b06-3f5fb6e74365.fam
OBJECTMODELPOINTER=2dd629f5-0cf6-4d87-8b06-3f5fb6e74365.dev
TRANSFORMMATRIX=1,0,0,0,0,1,0,0,0,0,1,0,44092.3837753445,17689.8306052872,6100,1
SUBDEVICES.NUM=0
SUBLOGICALMODELS.NUM=0
