ENTITYNAME=F4System
SYSCLASSIFYNAME=GH2
BASEFAMILY=41e2a8fe-5567-4f6a-acf2-2e0fe56732bf.fam
OBJECTMODELPOINTER=41e2a8fe-5567-4f6a-acf2-2e0fe56732bf.dev
TRANSFORMMATRIX=6.12323399573677E-17,1,0,0,-1,6.12323399573677E-17,0,0,0,0,1,0,42899.999968449,15619.4033000546,9800,1
SUBDEVICES.NUM=0
SUBLOGICALMODELS.NUM=0
