ENTITYNAME=F4System
SYSCLASSIFYNAME=GJ8
BASEFAMILY=3afa0106-2788-42ab-8be7-7decac1324ce.fam
OBJECTMODELPOINTER=3afa0106-2788-42ab-8be7-7decac1324ce.dev
TRANSFORMMATRIX=6.12323399573677E-17,1,0,0,-1,6.12323399573677E-17,0,0,0,0,1,0,32200,16643.6198825607,6900,1
SUBDEVICES.NUM=0
SUBLOGICALMODELS.NUM=0
