ENTITYNAME=F4System
SYSCLASSIFYNAME=CC5
BASEFAMILY=659353ed-a6c0-4276-a1cb-26ebc30f4358.fam
OBJECTMODELPOINTER=659353ed-a6c0-4276-a1cb-26ebc30f4358.dev
TRANSFORMMATRIX=1,0,0,0,0,1,0,0,0,0,1,0,32225.0000000007,18051.4267178682,10300,1
SUBDEVICES.NUM=0
SUBLOGICALMODELS.NUM=0
