ENTITYNAME=F4System
SYSCLASSIFYNAME=GWG
BASEFAMILY=3ce81bd6-72f5-4a6f-98be-bfa79f1c358e.fam
OBJECTMODELPOINTER=3ce81bd6-72f5-4a6f-98be-bfa79f1c358e.dev
TRANSFORMMATRIX=1,0,0,0,0,1,0,0,0,0,1,0,54092.3837753534,11795.4174551227,6100,1
SUBDEVICES.NUM=0
SUBLOGICALMODELS.NUM=0
