ENTITYNAME=F4System
SYSCLASSIFYNAME=BB6
BASEFAMILY=48093f0a-c7e5-4471-867a-49597338fcc7.fam
OBJECTMODELPOINTER=48093f0a-c7e5-4471-867a-49597338fcc7.dev
TRANSFORMMATRIX=1,0,0,0,0,1,0,0,0,0,1,0,30449.9999999995,17300.3275227613,10150,1
SUBDEVICES.NUM=0
SUBLOGICALMODELS.NUM=0
