ENTITYNAME=F4System
SYSCLASSIFYNAME=GJ1
BASEFAMILY=2fcf220c-a2b9-4315-b13c-6340af809f97.fam
OBJECTMODELPOINTER=2fcf220c-a2b9-4315-b13c-6340af809f97.dev
TRANSFORMMATRIX=-1,1.22464679914735E-16,0,0,-1.22464679914735E-16,-1,0,0,0,0,1,0,33342.285423819,420.50718279698,0,1
SUBDEVICES.NUM=0
SUBLOGICALMODELS.NUM=0
