ENTITYNAME=F4System
SYSCLASSIFYNAME=GH4
BASEFAMILY=7df30b21-4542-4c3b-b83f-fab9ef54af50.fam
OBJECTMODELPOINTER=7df30b21-4542-4c3b-b83f-fab9ef54af50.dev
TRANSFORMMATRIX=1,0,0,0,0,1,0,0,0,0,1,0,44200.2447320836,17699.9999999996,5100,1
SUBDEVICES.NUM=0
SUBLOGICALMODELS.NUM=0
