ENTITYNAME=F4System
SYSCLASSIFYNAME=GY3
BASEFAMILY=6c88a111-96c3-4699-99d8-019f571747b6.fam
OBJECTMODELPOINTER=6c88a111-96c3-4699-99d8-019f571747b6.dev
TRANSFORMMATRIX=1,0,0,0,0,1,0,0,0,0,1,0,33642.9517760975,9999.99999999944,3000,1
SUBDEVICES.NUM=0
SUBLOGICALMODELS.NUM=0
