ENTITYNAME=F4System
SYSCLASSIFYNAME=GWG
BASEFAMILY=71d2ee4a-9115-4835-89b8-9c5067212dde.fam
OBJECTMODELPOINTER=71d2ee4a-9115-4835-89b8-9c5067212dde.dev
TRANSFORMMATRIX=1,0,0,0,0,1,0,0,0,0,1,0,39905.8474230236,17805.8036776734,9700,1
SUBDEVICES.NUM=0
SUBLOGICALMODELS.NUM=0
