ENTITYNAME=F4System
SYSCLASSIFYNAME=AA5
BASEFAMILY=259ca9fd-0d3e-4001-b41b-9d726645dfde.fam
OBJECTMODELPOINTER=259ca9fd-0d3e-4001-b41b-9d726645dfde.dev
TRANSFORMMATRIX=1,0,0,0,0,1,0,0,0,0,1,0,49000.2851398899,17499.7073515637,10300,1
SUBDEVICES.NUM=0
SUBLOGICALMODELS.NUM=0
