ENTITYNAME=F4System
SYSCLASSIFYNAME=GYT
BASEFAMILY=02d23149-1303-42db-80ac-8a00bde0f987.fam
OBJECTMODELPOINTER=02d23149-1303-42db-80ac-8a00bde0f987.dev
TRANSFORMMATRIX=1,0,0,0,0,1,0,0,0,0,1,0,68318.1242066771,11997.3141776843,14300,1
SUBDEVICES.NUM=0
SUBLOGICALMODELS.NUM=0
