ENTITYNAME=F4System
SYSCLASSIFYNAME=GH3
BASEFAMILY=69ac10a7-2c60-4966-b18f-5d98dd699d24.fam
OBJECTMODELPOINTER=69ac10a7-2c60-4966-b18f-5d98dd699d24.dev
TRANSFORMMATRIX=1,0,0,0,0,1,0,0,0,0,1,0,51600.0000000007,12723.2256292272,1300,1
SUBDEVICES.NUM=0
SUBLOGICALMODELS.NUM=0
