ENTITYNAME=F4System
SYSCLASSIFYNAME=GJ1
BASEFAMILY=3fd5d6b9-c073-46d6-a8af-2968f927168e.fam
OBJECTMODELPOINTER=3fd5d6b9-c073-46d6-a8af-2968f927168e.dev
TRANSFORMMATRIX=1,0,0,0,0,1,0,0,0,0,1,0,59995.5427457225,39600.0000002116,0,1
SUBDEVICES.NUM=0
SUBLOGICALMODELS.NUM=0
