ENTITYNAME=F4System
SYSCLASSIFYNAME=GH2
BASEFAMILY=2a9c8d49-65ad-4894-95f9-ad97152aa0d0.fam
OBJECTMODELPOINTER=2a9c8d49-65ad-4894-95f9-ad97152aa0d0.dev
TRANSFORMMATRIX=6.12323399573677E-17,1,0,0,-1,6.12323399573677E-17,0,0,0,0,1,0,39499.9999999995,11085.6995081177,4200,1
SUBDEVICES.NUM=0
SUBLOGICALMODELS.NUM=0
