ENTITYNAME=F4System
SYSCLASSIFYNAME=GJ6
BASEFAMILY=69079384-aa2f-488c-b115-f13678e47e22.fam
OBJECTMODELPOINTER=69079384-aa2f-488c-b115-f13678e47e22.dev
TRANSFORMMATRIX=6.12323399573677E-17,1,0,0,-1,6.12323399573677E-17,0,0,0,0,1,0,64299.9999999989,21687.2607893788,50.0000000000015,1
SUBDEVICES.NUM=0
SUBLOGICALMODELS.NUM=0
