ENTITYNAME=F4System
SYSCLASSIFYNAME=BB8
BASEFAMILY=53c4ad1c-9861-47c1-b1cc-6d6254fff456.fam
OBJECTMODELPOINTER=53c4ad1c-9861-47c1-b1cc-6d6254fff456.dev
TRANSFORMMATRIX=6.12323399573677E-17,1,0,0,-1,6.12323399573677E-17,0,0,0,0,1,0,25442.6972986709,14526.882047151,10300,1
SUBDEVICES.NUM=0
SUBLOGICALMODELS.NUM=0
