ENTITYNAME=F4System
SYSCLASSIFYNAME=XHS
BASEFAMILY=0df77855-07ca-4ecf-806b-cfb4787bd5f9.fam
OBJECTMODELPOINTER=0df77855-07ca-4ecf-806b-cfb4787bd5f9.dev
TRANSFORMMATRIX=-1,1.22464679914735E-16,0,0,-1.22464679914735E-16,-1,0,0,0,0,1,0,40502.8656831704,10400.0000001301,7800,1
SUBDEVICES.NUM=0
SUBLOGICALMODELS.NUM=0
