ENTITYNAME=F4System
SYSCLASSIFYNAME=GH2
BASEFAMILY=56b8d212-1271-4dca-806c-dfa6aac01cb9.fam
OBJECTMODELPOINTER=56b8d212-1271-4dca-806c-dfa6aac01cb9.dev
TRANSFORMMATRIX=1,0,0,0,0,1,0,0,0,0,1,0,8039.59977248432,8405.85489604894,-1200,1
SUBDEVICES.NUM=0
SUBLOGICALMODELS.NUM=0
