ENTITYNAME=F4System
SYSCLASSIFYNAME=BB5
BASEFAMILY=62bded61-a121-45d1-9304-e76ab73069f3.fam
OBJECTMODELPOINTER=62bded61-a121-45d1-9304-e76ab73069f3.dev
TRANSFORMMATRIX=1,0,0,0,0,1,0,0,0,0,1,0,53524.5555856954,15361.2767676623,6100,1
SUBDEVICES.NUM=0
SUBLOGICALMODELS.NUM=0
