ENTITYNAME=F4System
SYSCLASSIFYNAME=GJ9
BASEFAMILY=7f8e7eac-030c-4abc-a929-b9ab03f3b266.fam
OBJECTMODELPOINTER=7f8e7eac-030c-4abc-a929-b9ab03f3b266.dev
TRANSFORMMATRIX=6.12323399573677E-17,1,0,0,-1,6.12323399573677E-17,0,0,0,0,1,0,28900,17523.0948219042,6800.00000000002,1
SUBDEVICES.NUM=0
SUBLOGICALMODELS.NUM=0
