ENTITYNAME=F4System
SYSCLASSIFYNAME=GJ7
BASEFAMILY=3b9bd51b-3ba6-48ed-8975-af6bd2dd5849.fam
OBJECTMODELPOINTER=3b9bd51b-3ba6-48ed-8975-af6bd2dd5849.dev
TRANSFORMMATRIX=-1,1.22464679914735E-16,0,0,-1.22464679914735E-16,-1,0,0,0,0,1,0,61800.0000000266,10419.0000001511,4169,1
SUBDEVICES.NUM=0
SUBLOGICALMODELS.NUM=0
