ENTITYNAME=F4System
SYSCLASSIFYNAME=CC1
BASEFAMILY=359471cb-e9d7-49a7-b1b8-cd76cfa4bf02.fam
OBJECTMODELPOINTER=359471cb-e9d7-49a7-b1b8-cd76cfa4bf02.dev
TRANSFORMMATRIX=6.12323399573677E-17,1,0,0,-1,6.12323399573677E-17,0,0,0,0,1,0,24025,17849.7678709496,6600,1
SUBDEVICES.NUM=0
SUBLOGICALMODELS.NUM=0
