ENTITYNAME=F4System
SYSCLASSIFYNAME=BB9
BASEFAMILY=523c8942-5c35-4f0d-a2b5-b481f03e6a6d.fam
OBJECTMODELPOINTER=523c8942-5c35-4f0d-a2b5-b481f03e6a6d.dev
TRANSFORMMATRIX=-1.83697019872103E-16,-1,0,0,1,-1.83697019872103E-16,0,0,0,0,1,0,5766.00000005365,9480.0000000022,299.999999999999,1
SUBDEVICES.NUM=0
SUBLOGICALMODELS.NUM=0
