ENTITYNAME=F4System
SYSCLASSIFYNAME=AA4
BASEFAMILY=0a7f9fa7-5113-4c44-af47-98cd9f0c3371.fam
OBJECTMODELPOINTER=0a7f9fa7-5113-4c44-af47-98cd9f0c3371.dev
TRANSFORMMATRIX=1,0,0,0,0,1,0,0,0,0,1,0,6865.85726755887,9960.21530134121,3000,1
SUBDEVICES.NUM=0
SUBLOGICALMODELS.NUM=0
