ENTITYNAME=F4System
SYSCLASSIFYNAME=DLM
BASEFAMILY=6a011960-f783-4ebe-8934-c3ae8d40d3af.fam
OBJECTMODELPOINTER=6a011960-f783-4ebe-8934-c3ae8d40d3af.dev
TRANSFORMMATRIX=1,0,0,0,0,-4.97899625051475E-17,1,0,0,-1,-4.97899625051475E-17,0,41062.1449093714,20000.0000001478,3755,1
SUBDEVICES.NUM=0
SUBLOGICALMODELS.NUM=0
