ENTITYNAME=F4System
SYSCLASSIFYNAME=GJ8
BASEFAMILY=1549548c-3c54-4642-9d1e-e43b715c8940.fam
OBJECTMODELPOINTER=1549548c-3c54-4642-9d1e-e43b715c8940.dev
TRANSFORMMATRIX=-1.3634246772255E-16,-1,-3.88578058618799E-16,0,1,-8.08313164912926E-17,-2.77555756156285E-17,0,-1.11022302462516E-16,-1.66533453693773E-16,1,0,64399.9999999982,22936.2439295258,2100.00000000001,1
SUBDEVICES.NUM=0
SUBLOGICALMODELS.NUM=0
