ENTITYNAME=F4System
SYSCLASSIFYNAME=GJ8
BASEFAMILY=7933ce32-65e7-474c-88bd-7cb4e53b4b19.fam
OBJECTMODELPOINTER=7933ce32-65e7-474c-88bd-7cb4e53b4b19.dev
TRANSFORMMATRIX=6.12323399573677E-17,1,0,0,-1,6.12323399573677E-17,0,0,0,0,1,0,47559.9999999987,16643.6198825607,6900,1
SUBDEVICES.NUM=0
SUBLOGICALMODELS.NUM=0
