ENTITYNAME=F4System
SYSCLASSIFYNAME=GY9
BASEFAMILY=88415d83-3a85-4ff4-94a6-9fa4aa14b664.fam
OBJECTMODELPOINTER=88415d83-3a85-4ff4-94a6-9fa4aa14b664.dev
TRANSFORMMATRIX=6.12323399573677E-17,1,0,0,-1,6.12323399573677E-17,0,0,0,0,1,0,9166.00000004918,10885.3810260125,600,1
SUBDEVICES.NUM=0
SUBLOGICALMODELS.NUM=0
