ENTITYNAME=F4System
SYSCLASSIFYNAME=GH3
BASEFAMILY=08c2b433-228b-4d7a-9993-b3e5d630e366.fam
OBJECTMODELPOINTER=08c2b433-228b-4d7a-9993-b3e5d630e366.dev
TRANSFORMMATRIX=1,0,0,0,0,1,0,0,0,0,1,0,26600.0000000003,17073.2256292272,1300,1
SUBDEVICES.NUM=0
SUBLOGICALMODELS.NUM=0
