ENTITYNAME=F4System
SYSCLASSIFYNAME=SGB
BASEFAMILY=4ba61794-8c9b-4b2b-9623-d5731c7d5582.fam
OBJECTMODELPOINTER=4ba61794-8c9b-4b2b-9623-d5731c7d5582.dev
TRANSFORMMATRIX=-1,1.22464679914735E-16,0,0,-1.22464679914735E-16,-1,0,0,0,0,1,0,73765.0117960349,13600.0000001485,3700,1
SUBDEVICES.NUM=0
SUBLOGICALMODELS.NUM=0
