ENTITYNAME=F4System
SYSCLASSIFYNAME=SDB
BASEFAMILY=6accf010-f9e2-4c24-945b-1667eb50359e.fam
OBJECTMODELPOINTER=6accf010-f9e2-4c24-945b-1667eb50359e.dev
TRANSFORMMATRIX=1,0,0,0,0,1,0,0,0,0,1,0,24255.4256726041,16900.0000001475,2800,1
SUBDEVICES.NUM=0
SUBLOGICALMODELS.NUM=0
