ENTITYNAME=F4System
SYSCLASSIFYNAME=GJ8
BASEFAMILY=4a9c40c7-eba7-4086-9c6e-dc170c17da4d.fam
OBJECTMODELPOINTER=4a9c40c7-eba7-4086-9c6e-dc170c17da4d.dev
TRANSFORMMATRIX=1,9.87758344710402E-16,4.19999507112726E-16,0,9.87758344710402E-16,-1,5.08097651167295E-15,0,-4.19999507112741E-16,5.08097651167305E-15,1,0,27459.9999999992,13362.5746100976,10600,1
SUBDEVICES.NUM=0
SUBLOGICALMODELS.NUM=0
