ENTITYNAME=F4System
SYSCLASSIFYNAME=G_V_4
BASEFAMILY=9bf00b70-00b0-4c1b-826b-dc850958602a.fam
OBJECTMODELPOINTER=9bf00b70-00b0-4c1b-826b-dc850958602a.dev
TRANSFORMMATRIX=1,0,0,0,0,1,0,0,0,0,1,0,-1626531318.88629,1000447512.45595,1450,1
SUBDEVICES.NUM=0
SUBLOGICALMODELS.NUM=0
