ENTITYNAME=F4System
SYSCLASSIFYNAME=G_V_4
BASEFAMILY=0f236f34-03a8-484c-8a97-1e3ecc17eec7.fam
OBJECTMODELPOINTER=499b244b-1142-4e3f-b98a-38110b36ef72.dev
TRANSFORMMATRIX=-1.83697019872103E-16,-1,0,0,1,-1.83697019872103E-16,0,0,0,0,1,0,57874.4262723542,12501.5225350237,1499.97810048748,1
SUBDEVICES.NUM=8
SUBDEVICE0=5b509afd-5fb2-4645-8b21-8464320a2cd2.cbm
SUBDEVICE1=2cd5c4f4-cfad-4324-a2e5-96e46548e9ae.cbm
SUBDEVICE2=1ee41223-f44b-457e-a372-b9b893cf3476.cbm
SUBDEVICE3=d73b74c1-0ef2-404f-ba84-f61b06281bc0.cbm
SUBDEVICE4=86f26863-eb1c-4405-82d4-7adaaecf05f7.cbm
SUBDEVICE5=bc3e9dba-0bee-4ea7-b570-d6fdb1d4c106.cbm
SUBDEVICE6=4e937916-8a32-4eff-b250-dec4de24f6c8.cbm
SUBDEVICE7=0adcde56-f8e9-41cb-9abc-db711b233361.cbm
SUBLOGICALMODELS.NUM=0
