ENTITYNAME=F4System
SYSCLASSIFYNAME=GJ1
BASEFAMILY=6c7e3d28-01e7-431c-994a-cfc64e5018f1.fam
OBJECTMODELPOINTER=6c7e3d28-01e7-431c-994a-cfc64e5018f1.dev
TRANSFORMMATRIX=1,0,0,0,0,1,0,0,0,0,1,0,39995.5427457225,39600.0000002116,0,1
SUBDEVICES.NUM=0
SUBLOGICALMODELS.NUM=0
