ENTITYNAME=F4System
SYSCLASSIFYNAME=GH4
BASEFAMILY=3e855c7d-8fc7-4801-be98-60991cb16579.fam
OBJECTMODELPOINTER=3e855c7d-8fc7-4801-be98-60991cb16579.dev
TRANSFORMMATRIX=1,0,0,0,0,1,0,0,0,0,1,0,33600.2447320836,17700.0000000015,5100,1
SUBDEVICES.NUM=0
SUBLOGICALMODELS.NUM=0
