ENTITYNAME=F4System
SYSCLASSIFYNAME=XFX
BASEFAMILY=6b65e032-fde4-45f7-a131-b72a0300da9b.fam
OBJECTMODELPOINTER=6b65e032-fde4-45f7-a131-b72a0300da9b.dev
TRANSFORMMATRIX=-1.83697019872103E-16,-1,0,0,1,-1.83697019872103E-16,0,0,0,0,1,0,12766.000000051,6632.48317111568,1800,1
SUBDEVICES.NUM=0
SUBLOGICALMODELS.NUM=0
