ENTITYNAME=F4System
SYSCLASSIFYNAME=GH3
BASEFAMILY=16bc4426-36e0-40b9-ae07-c5ccf9353312.fam
OBJECTMODELPOINTER=16bc4426-36e0-40b9-ae07-c5ccf9353312.dev
TRANSFORMMATRIX=6.12323399573677E-17,1,0,0,-1,6.12323399573677E-17,0,0,0,0,1,0,13764.9594507896,12829.2843362108,3200,1
SUBDEVICES.NUM=0
SUBLOGICALMODELS.NUM=0
