ENTITYNAME=F4System
SYSCLASSIFYNAME=GWG
BASEFAMILY=14ebf4e1-51b1-4e6f-b6fe-43c3c3baf341.fam
OBJECTMODELPOINTER=14ebf4e1-51b1-4e6f-b6fe-43c3c3baf341.dev
TRANSFORMMATRIX=1,0,0,0,0,1,0,0,0,0,1,0,42092.3837753534,11780.77051923,6100,1
SUBDEVICES.NUM=0
SUBLOGICALMODELS.NUM=0
