ENTITYNAME=F4System
SYSCLASSIFYNAME=GH3
BASEFAMILY=8d9119bb-d0c4-4fb6-a15a-1e34f2b6c5f3.fam
OBJECTMODELPOINTER=8d9119bb-d0c4-4fb6-a15a-1e34f2b6c5f3.dev
TRANSFORMMATRIX=6.12323399573677E-17,1,0,0,-1,6.12323399573677E-17,0,0,0,0,1,0,65564.3351076716,11945.8318298319,4530,1
SUBDEVICES.NUM=0
SUBLOGICALMODELS.NUM=0
