ENTITYNAME=F4System
SYSCLASSIFYNAME=GH3
BASEFAMILY=75983d23-9712-49ca-bda0-cc89fc165cba.fam
OBJECTMODELPOINTER=75983d23-9712-49ca-bda0-cc89fc165cba.dev
TRANSFORMMATRIX=1,0,0,0,0,1,0,0,0,0,1,0,70920.0409529321,11973.8156737837,1300,1
SUBDEVICES.NUM=0
SUBLOGICALMODELS.NUM=0
