ENTITYNAME=F4System
SYSCLASSIFYNAME=GJ1
BASEFAMILY=2a311315-60b7-4ebd-90a2-df703aad9a7a.fam
OBJECTMODELPOINTER=2a311315-60b7-4ebd-90a2-df703aad9a7a.dev
TRANSFORMMATRIX=1,0,0,0,0,1,0,0,0,0,1,0,69995.5427457225,39600.0000002116,0,1
SUBDEVICES.NUM=0
SUBLOGICALMODELS.NUM=0
