ENTITYNAME=F4System
SYSCLASSIFYNAME=GJ9
BASEFAMILY=795d2e58-15d6-4da9-a419-3d4f2aa47337.fam
OBJECTMODELPOINTER=795d2e58-15d6-4da9-a419-3d4f2aa47337.dev
TRANSFORMMATRIX=1,0,0,0,0,1,0,0,0,0,1,0,10918.9148154296,11900.000000003,600,1
SUBDEVICES.NUM=0
SUBLOGICALMODELS.NUM=0
