ENTITYNAME=F4System
SYSCLASSIFYNAME=GJ8
BASEFAMILY=78d0916e-f711-442a-b39c-11fb26af6626.fam
OBJECTMODELPOINTER=78d0916e-f711-442a-b39c-11fb26af6626.dev
TRANSFORMMATRIX=6.12323399573677E-17,1,0,0,-1,6.12323399573677E-17,0,0,0,0,1,0,6366.00000004701,11685.0529454936,-3380,1
SUBDEVICES.NUM=0
SUBLOGICALMODELS.NUM=0
