ENTITYNAME=F4System
SYSCLASSIFYNAME=GH3
BASEFAMILY=22700e70-4dd9-4f00-939f-d82380aa6792.fam
OBJECTMODELPOINTER=22700e70-4dd9-4f00-939f-d82380aa6792.dev
TRANSFORMMATRIX=6.12323399573677E-17,1,0,0,-1,6.12323399573677E-17,0,0,0,0,1,0,43013.8028953406,11452.0738624544,10200,1
SUBDEVICES.NUM=0
SUBLOGICALMODELS.NUM=0
