ENTITYNAME=F4System
SYSCLASSIFYNAME=GH2
BASEFAMILY=5cb2ea0f-8377-478c-b461-99ba35183844.fam
OBJECTMODELPOINTER=5cb2ea0f-8377-478c-b461-99ba35183844.dev
TRANSFORMMATRIX=6.12323399573677E-17,1,0,0,-1,6.12323399573677E-17,0,0,0,0,1,0,61700.0000000063,15974.9999999995,9800,1
SUBDEVICES.NUM=0
SUBLOGICALMODELS.NUM=0
