ENTITYNAME=F4System
SYSCLASSIFYNAME=GJ4
BASEFAMILY=2b06f8cf-f64b-4a0c-b516-880f8aa57bd2.fam
OBJECTMODELPOINTER=2b06f8cf-f64b-4a0c-b516-880f8aa57bd2.dev
TRANSFORMMATRIX=-1.01064309961485E-15,-1,-5.87637577486925E-17,0,1,-1.22464679914735E-16,7.77156117237593E-16,0,-2.77555756156298E-16,-2.71050543122161E-18,1,0,29499.9999999998,28828.8896793627,2800.00000000001,1
SUBDEVICES.NUM=0
SUBLOGICALMODELS.NUM=0
