ENTITYNAME=F4System
SYSCLASSIFYNAME=GH3
BASEFAMILY=07255155-1177-40e5-859e-b38954b3ab69.fam
OBJECTMODELPOINTER=07255155-1177-40e5-859e-b38954b3ab69.dev
TRANSFORMMATRIX=6.12323399573677E-17,1,0,0,-1,6.12323399573677E-17,0,0,0,0,1,0,59013.8028953406,11452.0738624544,10200,1
SUBDEVICES.NUM=0
SUBLOGICALMODELS.NUM=0
