ENTITYNAME=F4System
SYSCLASSIFYNAME=XFD
BASEFAMILY=54b95ffb-97d6-485d-8f49-67bd4e9c93ae.fam
OBJECTMODELPOINTER=54b95ffb-97d6-485d-8f49-67bd4e9c93ae.dev
TRANSFORMMATRIX=-1,1.22464679914735E-16,0,0,-1.22464679914735E-16,-1,0,0,0,0,1,0,43563.5480431665,12699.9999968106,7800,1
SUBDEVICES.NUM=0
SUBLOGICALMODELS.NUM=0
