ENTITYNAME=F4System
SYSCLASSIFYNAME=GH2
BASEFAMILY=22e53125-1c7f-4116-8935-96bacda14369.fam
OBJECTMODELPOINTER=22e53125-1c7f-4116-8935-96bacda14369.dev
TRANSFORMMATRIX=6.12323399573677E-17,1,0,0,-1,6.12323399573677E-17,0,0,0,0,1,0,25355.9604063325,18547.8859903666,4200,1
SUBDEVICES.NUM=0
SUBLOGICALMODELS.NUM=0
