ENTITYNAME=F4System
SYSCLASSIFYNAME=GH0
BASEFAMILY=45a5bfe3-0ce9-4dea-a51b-99cb583fcb5a.fam
OBJECTMODELPOINTER=45a5bfe3-0ce9-4dea-a51b-99cb583fcb5a.dev
TRANSFORMMATRIX=-1,1.22464679914735E-16,0,0,-1.22464679914735E-16,-1,0,0,0,0,1,0,55900.0735670182,10400,5149.99999999995,1
SUBDEVICES.NUM=0
SUBLOGICALMODELS.NUM=0
