ENTITYNAME=F4System
SYSCLASSIFYNAME=GH2
BASEFAMILY=5fd2589c-d9d9-44ea-897e-38914c918a9a.fam
OBJECTMODELPOINTER=5fd2589c-d9d9-44ea-897e-38914c918a9a.dev
TRANSFORMMATRIX=6.12323399573677E-17,1,0,0,-1,6.12323399573677E-17,0,0,0,0,1,0,50500.0000000063,17974.9999999995,9800,1
SUBDEVICES.NUM=0
SUBLOGICALMODELS.NUM=0
