ENTITYNAME=F4System
SYSCLASSIFYNAME=GJ9
BASEFAMILY=2b9620cd-3f24-4d51-bc11-4f29cddf39f0.fam
OBJECTMODELPOINTER=2b9620cd-3f24-4d51-bc11-4f29cddf39f0.dev
TRANSFORMMATRIX=-1,1.22464679914735E-16,0,0,-1.22464679914735E-16,-1,0,0,0,0,1,0,7857.48602481932,9100.00000000085,600,1
SUBDEVICES.NUM=0
SUBLOGICALMODELS.NUM=0
