ENTITYNAME=F4System
SYSCLASSIFYNAME=XFX
BASEFAMILY=12e0e491-62d7-4c38-af9d-5598b2b6941b.fam
OBJECTMODELPOINTER=12e0e491-62d7-4c38-af9d-5598b2b6941b.dev
TRANSFORMMATRIX=-1,1.22464679914735E-16,0,0,-1.22464679914735E-16,-1,0,0,0,0,1,0,29677.68582232,13597.3141776849,7800,1
SUBDEVICES.NUM=0
SUBLOGICALMODELS.NUM=0
