ENTITYNAME=F4System
SYSCLASSIFYNAME=GY3
BASEFAMILY=8a562814-c920-40b2-a5ec-4b228443af8a.fam
OBJECTMODELPOINTER=8a562814-c920-40b2-a5ec-4b228443af8a.dev
TRANSFORMMATRIX=2.20343868895187E-17,-1,0,0,1,2.20343868895187E-17,0,0,0,0,1,0,74600.0000000001,17375.0000000003,3000,1
SUBDEVICES.NUM=0
SUBLOGICALMODELS.NUM=0
