ENTITYNAME=F4System
SYSCLASSIFYNAME=GH2
BASEFAMILY=4ca79a1e-f1be-4245-93d0-b572b00b8611.fam
OBJECTMODELPOINTER=4ca79a1e-f1be-4245-93d0-b572b00b8611.dev
TRANSFORMMATRIX=6.12323399573677E-17,1,0,0,-1,6.12323399573677E-17,0,0,0,0,1,0,56249.9999999994,14885.699508118,4200,1
SUBDEVICES.NUM=0
SUBLOGICALMODELS.NUM=0
