ENTITYNAME=F4System
SYSCLASSIFYNAME=GH3
BASEFAMILY=667b6666-0111-4e00-9597-39f9b476b429.fam
OBJECTMODELPOINTER=667b6666-0111-4e00-9597-39f9b476b429.dev
TRANSFORMMATRIX=6.12323399573677E-17,1,0,0,-1,6.12323399573677E-17,0,0,0,0,1,0,24699.6423501629,11945.8318298396,14300.0000000002,1
SUBDEVICES.NUM=0
SUBLOGICALMODELS.NUM=0
