ENTITYNAME=F4System
SYSCLASSIFYNAME=GY0
BASEFAMILY=09011e1d-2cd7-44bc-8532-c974d93a5ccf.fam
OBJECTMODELPOINTER=09011e1d-2cd7-44bc-8532-c974d93a5ccf.dev
TRANSFORMMATRIX=1,0,0,0,0,1,0,0,0,0,1,0,67873.8437569253,13379.9999999986,1100,1
SUBDEVICES.NUM=0
SUBLOGICALMODELS.NUM=0
