ENTITYNAME=F4System
SYSCLASSIFYNAME=GY5
BASEFAMILY=099500b3-03ee-4e81-ae99-dd8d17811e64.fam
OBJECTMODELPOINTER=099500b3-03ee-4e81-ae99-dd8d17811e64.dev
TRANSFORMMATRIX=-1.83697019872103E-16,-1,0,0,1,-1.83697019872103E-16,0,0,0,0,1,0,63982.3077085561,20501.2211688434,7000,1
SUBDEVICES.NUM=0
SUBLOGICALMODELS.NUM=0
