ENTITYNAME=F4System
SYSCLASSIFYNAME=GH2
BASEFAMILY=76eb110b-0dae-47fa-80ec-72ddf7b9d399.fam
OBJECTMODELPOINTER=76eb110b-0dae-47fa-80ec-72ddf7b9d399.dev
TRANSFORMMATRIX=6.12323399573677E-17,1,0,0,-1,6.12323399573677E-17,0,0,0,0,1,0,38249.9999999987,14885.699508118,4200,1
SUBDEVICES.NUM=0
SUBLOGICALMODELS.NUM=0
