ENTITYNAME=F4System
SYSCLASSIFYNAME=GWG
BASEFAMILY=0bebe068-b3c7-439a-b5c7-a9163e2cbcfe.fam
OBJECTMODELPOINTER=0bebe068-b3c7-439a-b5c7-a9163e2cbcfe.dev
TRANSFORMMATRIX=1,0,0,0,0,1,0,0,0,0,1,0,36092.3837753534,11773.4470512836,6100,1
SUBDEVICES.NUM=0
SUBLOGICALMODELS.NUM=0
