ENTITYNAME=F4System
SYSCLASSIFYNAME=SGB
BASEFAMILY=624648ec-3a32-4a1b-8b95-013fb71502f1.fam
OBJECTMODELPOINTER=624648ec-3a32-4a1b-8b95-013fb71502f1.dev
TRANSFORMMATRIX=-1,1.22464679914735E-16,0,0,-1.22464679914735E-16,-1,0,0,0,0,1,0,11469.2622305736,9100.00000000319,2700,1
SUBDEVICES.NUM=0
SUBLOGICALMODELS.NUM=0
