ENTITYNAME=F4System
SYSCLASSIFYNAME=AA1
BASEFAMILY=77f25f85-2dee-4731-af00-d1132bf13e1d.fam
OBJECTMODELPOINTER=77f25f85-2dee-4731-af00-d1132bf13e1d.dev
TRANSFORMMATRIX=-1,1.22464679914735E-16,0,0,-1.22464679914735E-16,-1,0,0,0,0,1,0,62419.9999999963,10399.9999999996,9150,1
SUBDEVICES.NUM=0
SUBLOGICALMODELS.NUM=0
