ENTITYNAME=F4System
SYSCLASSIFYNAME=GH2
BASEFAMILY=2948422c-ab78-465d-a10e-45a8521c47e3.fam
OBJECTMODELPOINTER=2948422c-ab78-465d-a10e-45a8521c47e3.dev
TRANSFORMMATRIX=6.12323399573677E-17,1,0,0,-1,6.12323399573677E-17,0,0,0,0,1,0,45899.9999684494,15619.4033000548,9800,1
SUBDEVICES.NUM=0
SUBLOGICALMODELS.NUM=0
