ENTITYNAME=F4System
SYSCLASSIFYNAME=GJ1
BASEFAMILY=1a6be8e9-c285-456f-a6e6-993e7e01d364.fam
OBJECTMODELPOINTER=1a6be8e9-c285-456f-a6e6-993e7e01d364.dev
TRANSFORMMATRIX=6.12323399573677E-17,1,0,0,-1,6.12323399573677E-17,0,0,0,0,1,0,400.000000014436,961.370549898042,0,1
SUBDEVICES.NUM=0
SUBLOGICALMODELS.NUM=0
