ENTITYNAME=F4System
SYSCLASSIFYNAME=GH3
BASEFAMILY=0f51ab4f-f079-4b41-8879-ab661f249a12.fam
OBJECTMODELPOINTER=0f51ab4f-f079-4b41-8879-ab661f249a12.dev
TRANSFORMMATRIX=1,0,0,0,0,1,0,0,0,0,1,0,71480.0000000003,22223.2256292275,1300,1
SUBDEVICES.NUM=0
SUBLOGICALMODELS.NUM=0
