ENTITYNAME=F4System
SYSCLASSIFYNAME=AA1
BASEFAMILY=4ecb2b40-8071-4794-8d7c-ffa885430f31.fam
OBJECTMODELPOINTER=4ecb2b40-8071-4794-8d7c-ffa885430f31.dev
TRANSFORMMATRIX=-1,1.22464679914735E-16,0,0,-1.22464679914735E-16,-1,0,0,0,0,1,0,57799.9999999963,10399.9999999996,9150,1
SUBDEVICES.NUM=0
SUBLOGICALMODELS.NUM=0
