ENTITYNAME=F4System
SYSCLASSIFYNAME=GWG
BASEFAMILY=0ff1b86a-32e1-4aba-b263-079ecee5033f.fam
OBJECTMODELPOINTER=0ff1b86a-32e1-4aba-b263-079ecee5033f.dev
TRANSFORMMATRIX=1,0,0,0,0,1,0,0,0,0,1,0,63282.7641009241,11798.3491915553,6100.00000000001,1
SUBDEVICES.NUM=0
SUBLOGICALMODELS.NUM=0
