ENTITYNAME=F4System
SYSCLASSIFYNAME=GH2
BASEFAMILY=13a6e738-c4da-48f2-a7fb-4e9c12537867.fam
OBJECTMODELPOINTER=13a6e738-c4da-48f2-a7fb-4e9c12537867.dev
TRANSFORMMATRIX=6.12323399573677E-17,1,0,0,-1,6.12323399573677E-17,0,0,0,0,1,0,36500.0000000002,11085.6995081177,4200,1
SUBDEVICES.NUM=0
SUBLOGICALMODELS.NUM=0
