ENTITYNAME=F4System
SYSCLASSIFYNAME=SDB
BASEFAMILY=309e2a0c-e861-435d-b9e5-1dd680ea9948.fam
OBJECTMODELPOINTER=309e2a0c-e861-435d-b9e5-1dd680ea9948.dev
TRANSFORMMATRIX=1,0,0,0,0,1,0,0,0,0,1,0,24500.3946372643,13400.0000001468,2800,1
SUBDEVICES.NUM=0
SUBLOGICALMODELS.NUM=0
