ENTITYNAME=F4System
SYSCLASSIFYNAME=G_H_4
BASEFAMILY=6778ccbe-2d5d-49a6-b1b8-351086a7ce72.fam
OBJECTMODELPOINTER=56df2a6e-540a-430f-b530-f2f928b0beff.dev
TRANSFORMMATRIX=6.12323399573677E-17,1,0,0,-1,6.12323399573677E-17,0,0,0,0,1,0,45212.6819459548,19737.3138656419,4963,1
SUBDEVICES.NUM=0
SUBLOGICALMODELS.NUM=0
