ENTITYNAME=F4System
SYSCLASSIFYNAME=GJ4
BASEFAMILY=2130e054-0e84-49ab-a7ad-44582e86ac9b.fam
OBJECTMODELPOINTER=2130e054-0e84-49ab-a7ad-44582e86ac9b.dev
TRANSFORMMATRIX=-1,1.22464679914735E-16,0,0,-1.22464679914735E-16,-1,0,0,0,0,1,0,8298.00461833626,5900.0000000029,-2599.99999999999,1
SUBDEVICES.NUM=0
SUBLOGICALMODELS.NUM=0
