ENTITYNAME=F4System
SYSCLASSIFYNAME=GJ7
BASEFAMILY=8f2be342-a727-4547-8872-4e1c21876dd1.fam
OBJECTMODELPOINTER=8f2be342-a727-4547-8872-4e1c21876dd1.dev
TRANSFORMMATRIX=-1,-4.32646832397835E-16,-5.5511151231257E-17,0,-7.33087343458563E-16,-1,-1.66533453693771E-16,0,-5.55111512312579E-17,1.38777878078145E-17,1,0,31310.0000000001,15746.4919510321,8599.99999999999,1
SUBDEVICES.NUM=0
SUBLOGICALMODELS.NUM=0
