ENTITYNAME=F4System
SYSCLASSIFYNAME=GY9
BASEFAMILY=3afec9cb-87d6-4184-83f8-84687d2eba38.fam
OBJECTMODELPOINTER=3afec9cb-87d6-4184-83f8-84687d2eba38.dev
TRANSFORMMATRIX=-1,1.22464679914735E-16,0,0,-1.22464679914735E-16,-1,0,0,0,0,1,0,26020.8545638837,17100.0000000002,1800,1
SUBDEVICES.NUM=0
SUBLOGICALMODELS.NUM=0
