ENTITYNAME=F4System
SYSCLASSIFYNAME=GY7
BASEFAMILY=1f9a1a16-3ccb-4292-ac2a-3f2e6d604fbe.fam
OBJECTMODELPOINTER=1f9a1a16-3ccb-4292-ac2a-3f2e6d604fbe.dev
TRANSFORMMATRIX=-1.83697019872103E-16,-1,0,0,1,-1.83697019872103E-16,0,0,0,0,1,0,47599.9999999995,15190.2192564132,7800,1
SUBDEVICES.NUM=0
SUBLOGICALMODELS.NUM=0
