ENTITYNAME=F4System
SYSCLASSIFYNAME=G_H_6
BASEFAMILY=ff75bdf0-35fa-499d-b613-7262aba0a199.fam
OBJECTMODELPOINTER=7e4f5047-c10c-4e7a-b55e-dff92363b23d.dev
TRANSFORMMATRIX=-1,1.22464679914735E-16,0,0,-1.22464679914735E-16,-1,0,0,0,0,1,0,35599.9999999994,12365,1450,1
SUBDEVICES.NUM=1
SUBDEVICE0=7e419eb2-cc60-454b-9594-af3734365397.cbm
SUBLOGICALMODELS.NUM=0
