ENTITYNAME=F4System
SYSCLASSIFYNAME=GH3
BASEFAMILY=57394ca0-1b58-4f73-b535-0852ff4f2499.fam
OBJECTMODELPOINTER=57394ca0-1b58-4f73-b535-0852ff4f2499.dev
TRANSFORMMATRIX=1,0,0,0,0,1,0,0,0,0,1,0,31600.0000000003,17073.2256292272,1300,1
SUBDEVICES.NUM=0
SUBLOGICALMODELS.NUM=0
