ENTITYNAME=F4System
SYSCLASSIFYNAME=BB3
BASEFAMILY=16d85353-4260-4058-9515-d9f95fd44811.fam
OBJECTMODELPOINTER=16d85353-4260-4058-9515-d9f95fd44811.dev
TRANSFORMMATRIX=1,0,0,0,0,1,0,0,0,0,1,0,7426.61983047875,8700.00000000289,2491,1
SUBDEVICES.NUM=0
SUBLOGICALMODELS.NUM=0
