ENTITYNAME=F4System
SYSCLASSIFYNAME=BB8
BASEFAMILY=5bc265fa-64e4-4eb6-8199-a72f81896619.fam
OBJECTMODELPOINTER=5bc265fa-64e4-4eb6-8199-a72f81896619.dev
TRANSFORMMATRIX=6.12323399573677E-17,1,0,0,-1,6.12323399573677E-17,0,0,0,0,1,0,25442.6972986709,17993.117952849,10300,1
SUBDEVICES.NUM=0
SUBLOGICALMODELS.NUM=0
