ENTITYNAME=F4System
SYSCLASSIFYNAME=GJ6
BASEFAMILY=84b7d19a-3853-4440-b385-5d71b267e62e.fam
OBJECTMODELPOINTER=84b7d19a-3853-4440-b385-5d71b267e62e.dev
TRANSFORMMATRIX=6.12323399573677E-17,1,0,0,-1,6.12323399573677E-17,0,0,0,0,1,0,43400,24729.082116802,3000,1
SUBDEVICES.NUM=0
SUBLOGICALMODELS.NUM=0
