ENTITYNAME=F4System
SYSCLASSIFYNAME=GY3
BASEFAMILY=43f9a034-306d-48fb-8471-824baa0081df.fam
OBJECTMODELPOINTER=43f9a034-306d-48fb-8471-824baa0081df.dev
TRANSFORMMATRIX=-1,1.22464679914735E-16,0,0,-1.22464679914735E-16,-1,0,0,0,0,1,0,66948.8851580169,13649.999999998,50,1
SUBDEVICES.NUM=0
SUBLOGICALMODELS.NUM=0
