ENTITYNAME=F4System
SYSCLASSIFYNAME=GH4
BASEFAMILY=3407233d-c6f1-4093-a5b6-82707a244eb1.fam
OBJECTMODELPOINTER=3407233d-c6f1-4093-a5b6-82707a244eb1.dev
TRANSFORMMATRIX=-1,1.22464679914735E-16,0,0,-1.22464679914735E-16,-1,0,0,0,0,1,0,41199.9999999996,16299.9999999978,5100,1
SUBDEVICES.NUM=0
SUBLOGICALMODELS.NUM=0
