ENTITYNAME=F4System
SYSCLASSIFYNAME=BB5
BASEFAMILY=2f25ddff-a0c0-4d67-9aca-69bedba49bcb.fam
OBJECTMODELPOINTER=2f25ddff-a0c0-4d67-9aca-69bedba49bcb.dev
TRANSFORMMATRIX=1,0,0,0,0,1,0,0,0,0,1,0,57700.0000000014,15361.2767676623,6100,1
SUBDEVICES.NUM=0
SUBLOGICALMODELS.NUM=0
