ENTITYNAME=F4System
SYSCLASSIFYNAME=GJ5
BASEFAMILY=35c42036-f8df-4ff6-9bdb-bb84fdfd3c5a.fam
OBJECTMODELPOINTER=35c42036-f8df-4ff6-9bdb-bb84fdfd3c5a.dev
TRANSFORMMATRIX=-1,1.22464679914735E-16,0,0,-1.22464679914735E-16,-1,0,0,0,0,1,0,63799.9334388662,10399.9999999995,7600,1
SUBDEVICES.NUM=0
SUBLOGICALMODELS.NUM=0
