ENTITYNAME=F4System
SYSCLASSIFYNAME=SGB
BASEFAMILY=24b4edf6-fd3d-4bc3-96a3-ad6ff1de9e91.fam
OBJECTMODELPOINTER=24b4edf6-fd3d-4bc3-96a3-ad6ff1de9e91.dev
TRANSFORMMATRIX=1,0,0,0,0,1,0,0,0,0,1,0,24939.1154021844,13400.0000001464,3700,1
SUBDEVICES.NUM=0
SUBLOGICALMODELS.NUM=0
