ENTITYNAME=F4System
SYSCLASSIFYNAME=GWG
BASEFAMILY=43a00132-d725-46fa-b7ce-8056e5a46235.fam
OBJECTMODELPOINTER=43a00132-d725-46fa-b7ce-8056e5a46235.dev
TRANSFORMMATRIX=1,0,0,0,0,1,0,0,0,0,1,0,44905.8474230235,15436.5773152983,9700,1
SUBDEVICES.NUM=0
SUBLOGICALMODELS.NUM=0
