ENTITYNAME=F4System
SYSCLASSIFYNAME=SGB
BASEFAMILY=51d94503-71b2-42a7-8393-7422926fa67c.fam
OBJECTMODELPOINTER=51d94503-71b2-42a7-8393-7422926fa67c.dev
TRANSFORMMATRIX=-1,1.22464679914735E-16,0,0,-1.22464679914735E-16,-1,0,0,0,0,1,0,31751.3723341543,10397.314177679,8500,1
SUBDEVICES.NUM=0
SUBLOGICALMODELS.NUM=0
