ENTITYNAME=F4System
SYSCLASSIFYNAME=GY5
BASEFAMILY=2620ff21-f82f-4a44-b628-d4030ac97316.fam
OBJECTMODELPOINTER=2620ff21-f82f-4a44-b628-d4030ac97316.dev
TRANSFORMMATRIX=6.12323399573677E-17,1,0,0,-1,6.12323399573677E-17,0,0,0,0,1,0,65117.6922914721,28911.6683189752,7000,1
SUBDEVICES.NUM=0
SUBLOGICALMODELS.NUM=0
