ENTITYNAME=F4System
SYSCLASSIFYNAME=GJ7
BASEFAMILY=508eaffc-03f1-4adc-b307-78ad8c83a7be.fam
OBJECTMODELPOINTER=508eaffc-03f1-4adc-b307-78ad8c83a7be.dev
TRANSFORMMATRIX=-1,1.22464679914735E-16,0,0,-1.22464679914735E-16,-1,0,0,0,0,1,0,58100.000000027,10419.0000001511,4169,1
SUBDEVICES.NUM=0
SUBLOGICALMODELS.NUM=0
