ENTITYNAME=F4System
SYSCLASSIFYNAME=GH4
BASEFAMILY=8726385a-11c9-441d-86bd-21149b880d52.fam
OBJECTMODELPOINTER=8726385a-11c9-441d-86bd-21149b880d52.dev
TRANSFORMMATRIX=1,0,0,0,0,1,0,0,0,0,1,0,36999.9999999996,14099.9999999978,5100,1
SUBDEVICES.NUM=0
SUBLOGICALMODELS.NUM=0
