ENTITYNAME=F4System
SYSCLASSIFYNAME=GH4
BASEFAMILY=3caa9afa-1904-41bd-9fe9-117984df2a10.fam
OBJECTMODELPOINTER=3caa9afa-1904-41bd-9fe9-117984df2a10.dev
TRANSFORMMATRIX=1,0,0,0,0,1,0,0,0,0,1,0,33399.9999999996,14099.9999999978,5100,1
SUBDEVICES.NUM=0
SUBLOGICALMODELS.NUM=0
