ENTITYNAME=F4System
SYSCLASSIFYNAME=GH3
BASEFAMILY=3f82fbf0-db18-4177-a617-8fd667ca4d8c.fam
OBJECTMODELPOINTER=3f82fbf0-db18-4177-a617-8fd667ca4d8c.dev
TRANSFORMMATRIX=6.12323399573677E-17,1,0,0,-1,6.12323399573677E-17,0,0,0,0,1,0,10889.5367199205,10542.551504051,3300,1
SUBDEVICES.NUM=0
SUBLOGICALMODELS.NUM=0
