ENTITYNAME=F4System
SYSCLASSIFYNAME=GY3
BASEFAMILY=90fb5c04-cc5a-478c-9a46-5d6d16c72735.fam
OBJECTMODELPOINTER=90fb5c04-cc5a-478c-9a46-5d6d16c72735.dev
TRANSFORMMATRIX=-1,1.22464679914735E-16,0,0,-1.22464679914735E-16,-1,0,0,0,0,1,0,54219.9999999996,10400.0000000103,3000,1
SUBDEVICES.NUM=0
SUBLOGICALMODELS.NUM=0
