ENTITYNAME=F4System
SYSCLASSIFYNAME=&ZBZ
BASEFAMILY=3253ac16-3281-4f72-a287-55f1b7964be7.fam
OBJECTMODELPOINTER=3cd378c0-9104-4852-8947-544f30aaf50b.dev
TRANSFORMMATRIX=1,0,0,0,0,1,0,0,0,0,1,0,34385.2296222838,21389.6375728197,1950,1
SUBDEVICES.NUM=8
SUBDEVICE0=1cf49164-b475-453a-aa51-1ae90a905fd6.cbm
SUBDEVICE1=470c6843-37b0-4316-9dfd-c1956634fc8c.cbm
SUBDEVICE2=a8c28394-1fd9-4cbd-a1b2-1402bb32b607.cbm
SUBDEVICE3=acec8045-5fe5-49d5-9970-21597086ef15.cbm
SUBDEVICE4=e630db27-e4d2-4e38-bf7d-a2623a7dd20b.cbm
SUBDEVICE5=0d8f5a13-45cd-4f52-bc12-c25e90390551.cbm
SUBDEVICE6=4a8e5b90-2e81-4725-a36d-8c1feed42358.cbm
SUBDEVICE7=d51ba20f-67fa-4ab2-b783-01b9e661fad0.cbm
SUBLOGICALMODELS.NUM=0
