ENTITYNAME=F4System
SYSCLASSIFYNAME=GWG
BASEFAMILY=3aaa09ef-fcb3-433b-a245-2ec9129128b4.fam
OBJECTMODELPOINTER=3aaa09ef-fcb3-433b-a245-2ec9129128b4.dev
TRANSFORMMATRIX=1,0,0,0,0,1,0,0,0,0,1,0,48092.3837753445,15073.0376804225,6100.00000000001,1
SUBDEVICES.NUM=0
SUBLOGICALMODELS.NUM=0
