ENTITYNAME=F4System
SYSCLASSIFYNAME=G_H_6
BASEFAMILY=6b4484a4-0a61-4224-a8fe-08babda52217.fam
OBJECTMODELPOINTER=017946ae-dbdb-415a-8a76-868065427266.dev
TRANSFORMMATRIX=-1,3.67394039744206E-16,0,0,-3.67394039744206E-16,-1,0,0,0,0,1,0,45999.8931537729,12365,1450,1
SUBDEVICES.NUM=0
SUBLOGICALMODELS.NUM=0
