ENTITYNAME=F4System
SYSCLASSIFYNAME=GJ8
BASEFAMILY=27e61bd5-f863-4283-a710-84c6934cf73b.fam
OBJECTMODELPOINTER=27e61bd5-f863-4283-a710-84c6934cf73b.dev
TRANSFORMMATRIX=-1,4.22054822960542E-16,-9.71445146547009E-17,0,-4.49810398576171E-16,-1,5.55111512312576E-17,0,8.32667268468866E-17,-1.11022302462515E-16,1,0,9132.24549842541,2800.00000000208,-3300,1
SUBDEVICES.NUM=0
SUBLOGICALMODELS.NUM=0
