ENTITYNAME=F4System
SYSCLASSIFYNAME=GJ9
BASEFAMILY=69bbe142-9031-41b2-9047-920a04f130ea.fam
OBJECTMODELPOINTER=69bbe142-9031-41b2-9047-920a04f130ea.dev
TRANSFORMMATRIX=1,0,0,0,0,1,0,0,0,0,1,0,40457.297792311,19600,6800.00000000003,1
SUBDEVICES.NUM=0
SUBLOGICALMODELS.NUM=0
