ENTITYNAME=F4System
SYSCLASSIFYNAME=SDB
BASEFAMILY=4d2ac90a-8d21-4ab5-8f48-56ded4ad0ce4.fam
OBJECTMODELPOINTER=4d2ac90a-8d21-4ab5-8f48-56ded4ad0ce4.dev
TRANSFORMMATRIX=1,0,0,0,0,1,0,0,0,0,1,0,45902.9501067445,29600.000000146,2799.99999999999,1
SUBDEVICES.NUM=0
SUBLOGICALMODELS.NUM=0
