ENTITYNAME=F4System
SYSCLASSIFYNAME=GJ9
BASEFAMILY=0f76ca9f-6e4a-45ff-9fa4-4ad50665b16e.fam
OBJECTMODELPOINTER=0f76ca9f-6e4a-45ff-9fa4-4ad50665b16e.dev
TRANSFORMMATRIX=6.12323399573677E-17,1,0,0,-1,6.12323399573677E-17,0,0,0,0,1,0,6366.00000004843,10160.2236433416,-3600.00000000001,1
SUBDEVICES.NUM=0
SUBLOGICALMODELS.NUM=0
