ENTITYNAME=F4System
SYSCLASSIFYNAME=GJ8
BASEFAMILY=6f7cf6f3-7508-4fda-abef-f30636cc92a7.fam
OBJECTMODELPOINTER=6f7cf6f3-7508-4fda-abef-f30636cc92a7.dev
TRANSFORMMATRIX=-1,1.27103528959279E-15,-2.69510185252593E-15,0,6.12323399573675E-17,-1,1.37435376493049E-15,0,-2.7228574281416E-15,2.36375164689744E-16,1,0,53999.9999999994,10559.9131685704,-599.999999999918,1
SUBDEVICES.NUM=0
SUBLOGICALMODELS.NUM=0
