ENTITYNAME=F4System
SYSCLASSIFYNAME=GH4
BASEFAMILY=3dd4b22c-298c-4ad1-850b-84bd124c1399.fam
OBJECTMODELPOINTER=3dd4b22c-298c-4ad1-850b-84bd124c1399.dev
TRANSFORMMATRIX=1,0,0,0,0,1,0,0,0,0,1,0,38200.2448694276,17700.0000000015,5100,1
SUBDEVICES.NUM=0
SUBLOGICALMODELS.NUM=0
