ENTITYNAME=F4System
SYSCLASSIFYNAME=HH0
BASEFAMILY=8bb84c84-5f60-49e7-b38a-210e8cfc6fe1.fam
OBJECTMODELPOINTER=8bb84c84-5f60-49e7-b38a-210e8cfc6fe1.dev
TRANSFORMMATRIX=-1,1.22464679914735E-16,0,0,-1.22464679914735E-16,-1,0,0,0,0,1,0,20949.9999995141,-295.072508742749,1775,1
SUBDEVICES.NUM=0
SUBLOGICALMODELS.NUM=0
