ENTITYNAME=F4System
SYSCLASSIFYNAME=SDB
BASEFAMILY=31e7c41b-b9d9-46f1-954d-a46927b1fe36.fam
OBJECTMODELPOINTER=31e7c41b-b9d9-46f1-954d-a46927b1fe36.dev
TRANSFORMMATRIX=-1,1.22464679914735E-16,0,0,-1.22464679914735E-16,-1,0,0,0,0,1,0,72366.078189975,13600.0000001471,2800,1
SUBDEVICES.NUM=0
SUBLOGICALMODELS.NUM=0
