ENTITYNAME=F4System
SYSCLASSIFYNAME=GY5
BASEFAMILY=326af174-676e-4944-9d3d-aad21026aa51.fam
OBJECTMODELPOINTER=326af174-676e-4944-9d3d-aad21026aa51.dev
TRANSFORMMATRIX=-1.83697019872103E-16,-1,0,0,1,-1.83697019872103E-16,0,0,0,0,1,0,37182.3077085536,20501.2211688434,7000,1
SUBDEVICES.NUM=0
SUBLOGICALMODELS.NUM=0
