ENTITYNAME=F4System
SYSCLASSIFYNAME=AA1
BASEFAMILY=3b73d7c2-cc3c-4dfb-b8e9-c3a729e2db60.fam
OBJECTMODELPOINTER=3b73d7c2-cc3c-4dfb-b8e9-c3a729e2db60.dev
TRANSFORMMATRIX=1,0,0,0,0,1,0,0,0,0,1,0,32500.2859169003,29600.000000148,9150,1
SUBDEVICES.NUM=0
SUBLOGICALMODELS.NUM=0
