ENTITYNAME=F4System
SYSCLASSIFYNAME=GH3
BASEFAMILY=83957085-6898-4495-b736-4e4be115369d.fam
OBJECTMODELPOINTER=83957085-6898-4495-b736-4e4be115369d.dev
TRANSFORMMATRIX=6.12323399573677E-17,1,0,0,-1,6.12323399573677E-17,0,0,0,0,1,0,31100.0000000255,9274.69223730167,4350,1
SUBDEVICES.NUM=0
SUBLOGICALMODELS.NUM=0
