ENTITYNAME=F4System
SYSCLASSIFYNAME=GYT
BASEFAMILY=1847b3e4-c59e-4682-a594-4b19643f3714.fam
OBJECTMODELPOINTER=1847b3e4-c59e-4682-a594-4b19643f3714.dev
TRANSFORMMATRIX=-1.83697019872103E-16,-1,0,0,1,-1.83697019872103E-16,0,0,0,0,1,0,74600.0000000273,17200.3361379761,3700,1
SUBDEVICES.NUM=0
SUBLOGICALMODELS.NUM=0
