ENTITYNAME=F4System
SYSCLASSIFYNAME=AA1
BASEFAMILY=1cc43110-769f-4cb4-9a1a-d05649ea31c4.fam
OBJECTMODELPOINTER=1cc43110-769f-4cb4-9a1a-d05649ea31c4.dev
TRANSFORMMATRIX=1,0,0,0,0,1,0,0,0,0,1,0,62000.8668493606,29600.000000148,9150,1
SUBDEVICES.NUM=0
SUBLOGICALMODELS.NUM=0
