ENTITYNAME=F4System
SYSCLASSIFYNAME=GH4
BASEFAMILY=0ba4c80e-c25d-4ea1-97ad-2327e9afd668.fam
OBJECTMODELPOINTER=0ba4c80e-c25d-4ea1-97ad-2327e9afd668.dev
TRANSFORMMATRIX=1,0,0,0,0,1,0,0,0,0,1,0,35799.9999999996,14099.9999999978,5100,1
SUBDEVICES.NUM=0
SUBLOGICALMODELS.NUM=0
