ENTITYNAME=F4System
SYSCLASSIFYNAME=GH4
BASEFAMILY=8f4c5b08-547c-41b2-a324-7f38bd1f19e3.fam
OBJECTMODELPOINTER=8f4c5b08-547c-41b2-a324-7f38bd1f19e3.dev
TRANSFORMMATRIX=1,0,0,0,0,1,0,0,0,0,1,0,38199.9999999996,14099.9999999978,5100,1
SUBDEVICES.NUM=0
SUBLOGICALMODELS.NUM=0
