ENTITYNAME=F4System
SYSCLASSIFYNAME=GJ9
BASEFAMILY=88396353-958d-453e-9c34-41edbbd99f39.fam
OBJECTMODELPOINTER=88396353-958d-453e-9c34-41edbbd99f39.dev
TRANSFORMMATRIX=1,0,0,0,0,1,0,0,0,0,1,0,25662.8655132037,19600.0000000002,1800,1
SUBDEVICES.NUM=0
SUBLOGICALMODELS.NUM=0
