ENTITYNAME=F4System
SYSCLASSIFYNAME=GJ9
BASEFAMILY=81270709-54e2-4e12-8498-028b29da7136.fam
OBJECTMODELPOINTER=81270709-54e2-4e12-8498-028b29da7136.dev
TRANSFORMMATRIX=1,0,0,0,0,1,0,0,0,0,1,0,28419.4758433268,19600.0000000002,1800,1
SUBDEVICES.NUM=0
SUBLOGICALMODELS.NUM=0
