ENTITYNAME=F4System
SYSCLASSIFYNAME=GJ4
BASEFAMILY=125cd913-6362-42e8-8b68-244c13f77b96.fam
OBJECTMODELPOINTER=125cd913-6362-42e8-8b68-244c13f77b96.dev
TRANSFORMMATRIX=6.12323399573677E-17,1,0,0,-1,6.12323399573677E-17,0,0,0,0,1,0,57100,10832.9621011337,2800,1
SUBDEVICES.NUM=0
SUBLOGICALMODELS.NUM=0
