ENTITYNAME=F4System
SYSCLASSIFYNAME=CC4
BASEFAMILY=0f57fc8a-73fa-4895-9dc9-d5a0f201abb3.fam
OBJECTMODELPOINTER=0f57fc8a-73fa-4895-9dc9-d5a0f201abb3.dev
TRANSFORMMATRIX=1,8.45327351098885E-16,4.91857289262363E-16,0,-7.96755093771533E-16,1,3.3605678925217E-16,0,-2.42057108721703E-16,-6.1361254540846E-16,1,0,7597.69744109475,13275.062237273,540.000000000002,1
SUBDEVICES.NUM=0
SUBLOGICALMODELS.NUM=0
