ENTITYNAME=F4System
SYSCLASSIFYNAME=AA5
BASEFAMILY=78e088d6-0fdb-40ca-8301-6be4f46bbe3d.fam
OBJECTMODELPOINTER=78e088d6-0fdb-40ca-8301-6be4f46bbe3d.dev
TRANSFORMMATRIX=1,0,0,0,0,1,0,0,0,0,1,0,60200.28513989,17499.7073515637,10300,1
SUBDEVICES.NUM=0
SUBLOGICALMODELS.NUM=0
