ENTITYNAME=F4System
SYSCLASSIFYNAME=GJ8
BASEFAMILY=0e254e88-f001-4e05-8027-83dedec50af2.fam
OBJECTMODELPOINTER=0e254e88-f001-4e05-8027-83dedec50af2.dev
TRANSFORMMATRIX=1,0,0,0,0,1,0,0,0,0,1,0,27705.5445272867,13399.9999999934,2100.00000000001,1
SUBDEVICES.NUM=0
SUBLOGICALMODELS.NUM=0
