ENTITYNAME=F4System
SYSCLASSIFYNAME=GH3
BASEFAMILY=728cb924-cc9e-48c2-9710-1e906e3aa72e.fam
OBJECTMODELPOINTER=728cb924-cc9e-48c2-9710-1e906e3aa72e.dev
TRANSFORMMATRIX=6.12323399573677E-17,1,0,0,-1,6.12323399573677E-17,0,0,0,0,1,0,13764.9594507896,4216.2843362108,3200,1
SUBDEVICES.NUM=0
SUBLOGICALMODELS.NUM=0
