ENTITYNAME=F4System
SYSCLASSIFYNAME=GY9
BASEFAMILY=25ea082e-b5d5-49f4-ba9b-d337d0b50e34.fam
OBJECTMODELPOINTER=25ea082e-b5d5-49f4-ba9b-d337d0b50e34.dev
TRANSFORMMATRIX=-1,1.22464679914735E-16,0,0,-1.22464679914735E-16,-1,0,0,0,0,1,0,38298.2358290222,12700.0000000002,6800,1
SUBDEVICES.NUM=0
SUBLOGICALMODELS.NUM=0
