ENTITYNAME=F4System
SYSCLASSIFYNAME=GH3
BASEFAMILY=14fcdce0-6a2a-46a1-8218-837bb78c3807.fam
OBJECTMODELPOINTER=14fcdce0-6a2a-46a1-8218-837bb78c3807.dev
TRANSFORMMATRIX=1,0,0,0,0,1,0,0,0,0,1,0,30590.4055139586,14553.8897140513,10200,1
SUBDEVICES.NUM=0
SUBLOGICALMODELS.NUM=0
