ENTITYNAME=F4System
SYSCLASSIFYNAME=GJ7
BASEFAMILY=8fdd642c-435b-49f9-92ec-f943c2a2546d.fam
OBJECTMODELPOINTER=8fdd642c-435b-49f9-92ec-f943c2a2546d.dev
TRANSFORMMATRIX=-1,1.21308872800596E-15,1.38777878078144E-17,0,-1.21308872800596E-15,-1,5.55111512312576E-17,0,-2.77555756156288E-17,1.38777878078145E-16,1,0,65500.0000000226,10469.9999999995,4168.99999999999,1
SUBDEVICES.NUM=0
SUBLOGICALMODELS.NUM=0
