ENTITYNAME=F4System
SYSCLASSIFYNAME=GH4
BASEFAMILY=97f4b9cf-b919-4b25-8e0c-3980d037f8d5.fam
OBJECTMODELPOINTER=97f4b9cf-b919-4b25-8e0c-3980d037f8d5.dev
TRANSFORMMATRIX=1,0,0,0,0,1,0,0,0,0,1,0,42400.2447320836,17700.0000000015,5100,1
SUBDEVICES.NUM=0
SUBLOGICALMODELS.NUM=0
