ENTITYNAME=F4System
SYSCLASSIFYNAME=GH3
BASEFAMILY=2e344151-a54c-452e-8700-34881f9ed96d.fam
OBJECTMODELPOINTER=2e344151-a54c-452e-8700-34881f9ed96d.dev
TRANSFORMMATRIX=6.12323399573677E-17,1,0,0,-1,6.12323399573677E-17,0,0,0,0,1,0,73093.4473306111,12072.5687406013,6130,1
SUBDEVICES.NUM=0
SUBLOGICALMODELS.NUM=0
