ENTITYNAME=F4System
SYSCLASSIFYNAME=&DRQ
BASEFAMILY=bc2d422b-516f-4ab9-89a7-fbbff0a2ef43.fam
OBJECTMODELPOINTER=bc2d422b-516f-4ab9-89a7-fbbff0a2ef43.dev
TRANSFORMMATRIX=1,0,0,0,0,1,0,0,0,0,1,0,48710.0000000004,16309.9999999981,6300,1
SUBDEVICES.NUM=9
SUBDEVICE0=762337ea-4220-477d-a316-eb7324d8acc3.cbm
SUBDEVICE1=8c2dd66d-ed82-4222-8be8-83a68fad0a21.cbm
SUBDEVICE2=27ee2efa-6617-46ab-ae29-151a8f58e95e.cbm
SUBDEVICE3=8e873cb6-924b-4495-bb91-a0ac972e3fbf.cbm
SUBDEVICE4=789bc153-62e7-4ab7-a5f0-73667da95bf7.cbm
SUBDEVICE5=65645c0e-898c-4dd0-b8ac-bbe6671395f0.cbm
SUBDEVICE6=81dcbc92-81d3-4f6d-a73e-d0a7ae0a03ae.cbm
SUBDEVICE7=406b3317-f912-428e-9b42-1b4275a75a2b.cbm
SUBDEVICE8=bcc36f68-0682-4d0d-aad0-ef6bbef1c7ba.cbm
SUBLOGICALMODELS.NUM=0
