ENTITYNAME=F4System
SYSCLASSIFYNAME=GJ1
BASEFAMILY=5c266622-804f-4553-b98b-82f32a5af742.fam
OBJECTMODELPOINTER=5c266622-804f-4553-b98b-82f32a5af742.dev
TRANSFORMMATRIX=-1,1.22464679914735E-16,0,0,-1.22464679914735E-16,-1,0,0,0,0,1,0,63342.285423819,420.50718279698,0,1
SUBDEVICES.NUM=0
SUBLOGICALMODELS.NUM=0
