ENTITYNAME=F4System
SYSCLASSIFYNAME=GY5
BASEFAMILY=66404076-4744-4d35-8695-f1238e524f8c.fam
OBJECTMODELPOINTER=66404076-4744-4d35-8695-f1238e524f8c.dev
TRANSFORMMATRIX=-1.83697019872103E-16,-1,0,0,1,-1.83697019872103E-16,0,0,0,0,1,0,29082.307708555,29297.7524290472,5500,1
SUBDEVICES.NUM=0
SUBLOGICALMODELS.NUM=0
