ENTITYNAME=F4System
SYSCLASSIFYNAME=GJ5
BASEFAMILY=0eb6a749-52e6-4428-a2e9-a5bc047844d3.fam
OBJECTMODELPOINTER=0eb6a749-52e6-4428-a2e9-a5bc047844d3.dev
TRANSFORMMATRIX=-1,1.22464679914735E-16,0,0,-1.22464679914735E-16,-1,0,0,0,0,1,0,67492.8094306562,10399.9999999996,2900,1
SUBDEVICES.NUM=0
SUBLOGICALMODELS.NUM=0
