ENTITYNAME=F4System
SYSCLASSIFYNAME=GJ5
BASEFAMILY=9b01915a-1a42-45f7-9dc9-e75c7a13ddd5.fam
OBJECTMODELPOINTER=9b01915a-1a42-45f7-9dc9-e75c7a13ddd5.dev
TRANSFORMMATRIX=6.12323399573677E-17,1,0,0,-1,6.12323399573677E-17,0,0,0,0,1,0,30100.0000000009,12899.9999999868,7600,1
SUBDEVICES.NUM=0
SUBLOGICALMODELS.NUM=0
