ENTITYNAME=F4System
SYSCLASSIFYNAME=GJ4
BASEFAMILY=4911f3b0-c7c7-4b56-a86b-3a38a8ff8dd7.fam
OBJECTMODELPOINTER=4911f3b0-c7c7-4b56-a86b-3a38a8ff8dd7.dev
TRANSFORMMATRIX=-2.83276944882398E-16,-1,0,0,1,-2.83276944882398E-16,0,0,0,0,1,0,43000.0000000271,28799.9999999999,2800,1
SUBDEVICES.NUM=0
SUBLOGICALMODELS.NUM=0
