ENTITYNAME=F4System
SYSCLASSIFYNAME=GJ9
BASEFAMILY=723b22cf-638a-48c1-97c1-3903ada676cc.fam
OBJECTMODELPOINTER=723b22cf-638a-48c1-97c1-3903ada676cc.dev
TRANSFORMMATRIX=-1.83697019872103E-16,-1,0,0,1,-1.83697019872103E-16,0,0,0,0,1,0,32000.0000000007,17533.805805704,6800.00000000003,1
SUBDEVICES.NUM=0
SUBLOGICALMODELS.NUM=0
