ENTITYNAME=F4System
SYSCLASSIFYNAME=GH3
BASEFAMILY=1ff409ee-3be9-4009-944a-02e081b392e1.fam
OBJECTMODELPOINTER=1ff409ee-3be9-4009-944a-02e081b392e1.dev
TRANSFORMMATRIX=1,0,0,0,0,1,0,0,0,0,1,0,7551.42226138414,4289.44448604396,99.9999999999999,1
SUBDEVICES.NUM=0
SUBLOGICALMODELS.NUM=0
