ENTITYNAME=F4System
SYSCLASSIFYNAME=GH2
BASEFAMILY=2fdbee97-450f-47ab-8a0d-bb3cd61bf671.fam
OBJECTMODELPOINTER=2fdbee97-450f-47ab-8a0d-bb3cd61bf671.dev
TRANSFORMMATRIX=6.12323399573677E-17,1,0,0,-1,6.12323399573677E-17,0,0,0,0,1,0,42899.999968449,19080.3053709606,9800,1
SUBDEVICES.NUM=0
SUBLOGICALMODELS.NUM=0
