ENTITYNAME=F4System
SYSCLASSIFYNAME=GH2
BASEFAMILY=31998a2d-c2e7-4c31-a5da-953bf1871315.fam
OBJECTMODELPOINTER=31998a2d-c2e7-4c31-a5da-953bf1871315.dev
TRANSFORMMATRIX=6.12323399573677E-17,1,0,0,-1,6.12323399573677E-17,0,0,0,0,1,0,8025.03625639901,7099.77527618186,3000,1
SUBDEVICES.NUM=0
SUBLOGICALMODELS.NUM=0
