ENTITYNAME=F4System
SYSCLASSIFYNAME=SDB
BASEFAMILY=16681a77-b7a1-4295-bc64-d5c9f4937f61.fam
OBJECTMODELPOINTER=16681a77-b7a1-4295-bc64-d5c9f4937f61.dev
TRANSFORMMATRIX=1,0,0,0,0,1,0,0,0,0,1,0,59396.2806121543,29600.0000001462,2800,1
SUBDEVICES.NUM=0
SUBLOGICALMODELS.NUM=0
