ENTITYNAME=F4System
SYSCLASSIFYNAME=GJ8
BASEFAMILY=2f2b9824-8861-4b8f-b014-7999fe0469a8.fam
OBJECTMODELPOINTER=2f2b9824-8861-4b8f-b014-7999fe0469a8.dev
TRANSFORMMATRIX=-1.3634246772255E-16,-1,-3.88578058618799E-16,0,1,-8.08313164912926E-17,-2.77555756156285E-17,0,-1.11022302462516E-16,-1.66533453693773E-16,1,0,29497.9999999994,22936.2439295258,2100.00000000001,1
SUBDEVICES.NUM=0
SUBLOGICALMODELS.NUM=0
