ENTITYNAME=F4System
SYSCLASSIFYNAME=CC5
BASEFAMILY=6019e00b-e265-4583-a2de-709b120aa1c7.fam
OBJECTMODELPOINTER=6019e00b-e265-4583-a2de-709b120aa1c7.dev
TRANSFORMMATRIX=1,0,0,0,0,1,0,0,0,0,1,0,30574.9999999951,18051.4267178682,10300,1
SUBDEVICES.NUM=0
SUBLOGICALMODELS.NUM=0
