ENTITYNAME=F4System
SYSCLASSIFYNAME=GJ7
BASEFAMILY=8e345e86-7a78-42e1-9d51-4992f032281a.fam
OBJECTMODELPOINTER=8e345e86-7a78-42e1-9d51-4992f032281a.dev
TRANSFORMMATRIX=-1,1.22464679914735E-16,0,0,-1.22464679914735E-16,-1,0,0,0,0,1,0,7510.49477752634,5953.58907528819,-1600,1
SUBDEVICES.NUM=0
SUBLOGICALMODELS.NUM=0
