ENTITYNAME=F4System
SYSCLASSIFYNAME=G_H_6
BASEFAMILY=36d7befb-c647-49c2-91b2-8c383f5b6ade.fam
OBJECTMODELPOINTER=f7dc157e-42c3-4ee1-a950-94fe5d5a517d.dev
TRANSFORMMATRIX=-1,1.22464679914735E-16,0,0,-1.22464679914735E-16,-1,0,0,0,0,1,0,48703.1331196445,12365,1450,1
SUBDEVICES.NUM=1
SUBDEVICE0=705156b8-2f29-4ed9-9e68-c0245c45e1db.cbm
SUBLOGICALMODELS.NUM=0
