ENTITYNAME=F4System
SYSCLASSIFYNAME=GH4
BASEFAMILY=38f4870d-b003-438a-9c7d-078c4a201fea.fam
OBJECTMODELPOINTER=38f4870d-b003-438a-9c7d-078c4a201fea.dev
TRANSFORMMATRIX=1,0,0,0,0,1,0,0,0,0,1,0,44800.0000000003,17699.9999999959,5100,1
SUBDEVICES.NUM=0
SUBLOGICALMODELS.NUM=0
