ENTITYNAME=F4System
SYSCLASSIFYNAME=GJ1
BASEFAMILY=59e3c0dd-6b3c-4c20-918a-f03493d2b880.fam
OBJECTMODELPOINTER=59e3c0dd-6b3c-4c20-918a-f03493d2b880.dev
TRANSFORMMATRIX=1,0,0,0,0,1,0,0,0,0,1,0,49995.5427457225,39600.0000002116,0,1
SUBDEVICES.NUM=0
SUBLOGICALMODELS.NUM=0
