ENTITYNAME=F4System
SYSCLASSIFYNAME=GYT
BASEFAMILY=76abf9c7-93cd-44a8-a3db-df5defce023f.fam
OBJECTMODELPOINTER=76abf9c7-93cd-44a8-a3db-df5defce023f.dev
TRANSFORMMATRIX=1,0,0,0,0,1,0,0,0,0,1,0,73443.6141037136,11810.0179546999,6100,1
SUBDEVICES.NUM=0
SUBLOGICALMODELS.NUM=0
