ENTITYNAME=F4System
SYSCLASSIFYNAME=GH4
BASEFAMILY=3f47f5ec-265d-401a-8f5e-364d11986d42.fam
OBJECTMODELPOINTER=3f47f5ec-265d-401a-8f5e-364d11986d42.dev
TRANSFORMMATRIX=1,0,0,0,0,1,0,0,0,0,1,0,35200.2447320836,17700.0000000015,5100,1
SUBDEVICES.NUM=0
SUBLOGICALMODELS.NUM=0
