ENTITYNAME=F4System
SYSCLASSIFYNAME=GY9
BASEFAMILY=8cd64e9e-b8e3-408c-8931-7e35f23d0645.fam
OBJECTMODELPOINTER=8cd64e9e-b8e3-408c-8931-7e35f23d0645.dev
TRANSFORMMATRIX=-1,1.22464679914735E-16,0,0,-1.22464679914735E-16,-1,0,0,0,0,1,0,40870.8771685537,12700.0000000002,6800.00000000002,1
SUBDEVICES.NUM=0
SUBLOGICALMODELS.NUM=0
