ENTITYNAME=F4System
SYSCLASSIFYNAME=GJ4
BASEFAMILY=097ba017-ef35-4345-ba2c-878253c430a9.fam
OBJECTMODELPOINTER=097ba017-ef35-4345-ba2c-878253c430a9.dev
TRANSFORMMATRIX=6.12323399573677E-17,1,0,0,-1,6.12323399573677E-17,0,0,0,0,1,0,27200.0000000258,17353.8342551606,2800,1
SUBDEVICES.NUM=0
SUBLOGICALMODELS.NUM=0
