ENTITYNAME=F4System
SYSCLASSIFYNAME=XFL
BASEFAMILY=9a8146b0-5b11-4ca4-a8c2-e3e6cb9f65c4.fam
OBJECTMODELPOINTER=9a8146b0-5b11-4ca4-a8c2-e3e6cb9f65c4.dev
TRANSFORMMATRIX=6.12323399573677E-17,1,0,0,-1,6.12323399573677E-17,0,0,0,0,1,0,27000.0000000253,18806.8227060396,1500,1
SUBDEVICES.NUM=0
SUBLOGICALMODELS.NUM=0
