ENTITYNAME=F4System
SYSCLASSIFYNAME=GJ7
BASEFAMILY=62410c5d-42ff-4a67-89e0-827ea23f99b5.fam
OBJECTMODELPOINTER=62410c5d-42ff-4a67-89e0-827ea23f99b5.dev
TRANSFORMMATRIX=6.12323399573677E-17,1,0,0,-1,6.12323399573677E-17,0,0,0,0,1,0,23919.0000000265,15043.0825944838,4169,1
SUBDEVICES.NUM=0
SUBLOGICALMODELS.NUM=0
