ENTITYNAME=F4System
SYSCLASSIFYNAME=BB5
BASEFAMILY=160d18e9-0139-467f-ace3-f04621ce574d.fam
OBJECTMODELPOINTER=160d18e9-0139-467f-ace3-f04621ce574d.dev
TRANSFORMMATRIX=1,0,0,0,0,1,0,0,0,0,1,0,41500.0000000005,15361.2767676623,6100,1
SUBDEVICES.NUM=0
SUBLOGICALMODELS.NUM=0
