ENTITYNAME=F4System
SYSCLASSIFYNAME=GY5
BASEFAMILY=406b9ba1-e111-4e64-ba4c-4b5bf6d47e17.fam
OBJECTMODELPOINTER=406b9ba1-e111-4e64-ba4c-4b5bf6d47e17.dev
TRANSFORMMATRIX=-1.83697019872103E-16,-1,0,0,1,-1.83697019872103E-16,0,0,0,0,1,0,56082.3077085558,29297.7524290472,5500,1
SUBDEVICES.NUM=0
SUBLOGICALMODELS.NUM=0
