ENTITYNAME=F4System
SYSCLASSIFYNAME=GJ5
BASEFAMILY=1f7941d8-95d0-4504-8e75-3ab0454dbfec.fam
OBJECTMODELPOINTER=1f7941d8-95d0-4504-8e75-3ab0454dbfec.dev
TRANSFORMMATRIX=1,-1.3634246772255E-16,0,0,1.3634246772255E-16,1,1.62333526808807E-29,0,-2.52435489670726E-29,1.92463811064651E-29,1,0,65288.7747662559,13400.0000000002,11300,1
SUBDEVICES.NUM=0
SUBLOGICALMODELS.NUM=0
