ENTITYNAME=F4System
SYSCLASSIFYNAME=AA4
BASEFAMILY=96a88e7c-6ac1-413b-9d75-b3dbea84bc8b.fam
OBJECTMODELPOINTER=96a88e7c-6ac1-413b-9d75-b3dbea84bc8b.dev
TRANSFORMMATRIX=6.12323399573677E-17,1,0,0,-1,6.12323399573677E-17,0,0,0,0,1,0,6366.00000005365,6250.00000000127,2149.99999999995,1
SUBDEVICES.NUM=0
SUBLOGICALMODELS.NUM=0
