ENTITYNAME=F4System
SYSCLASSIFYNAME=HJK
BASEFAMILY=271ac0d1-2e6e-49d0-a5eb-2d703927da3a.fam
OBJECTMODELPOINTER=271ac0d1-2e6e-49d0-a5eb-2d703927da3a.dev
TRANSFORMMATRIX=-1,1.22464679914735E-16,0,0,-1.22464679914735E-16,-1,0,0,0,0,1,0,24400.6713499442,17150.0000001476,2800,1
SUBDEVICES.NUM=0
SUBLOGICALMODELS.NUM=0
