ENTITYNAME=F4System
SYSCLASSIFYNAME=GH3
BASEFAMILY=34732962-24ba-46ca-88a0-892b1962c81b.fam
OBJECTMODELPOINTER=34732962-24ba-46ca-88a0-892b1962c81b.dev
TRANSFORMMATRIX=6.12323399573677E-17,1,0,0,-1,6.12323399573677E-17,0,0,0,0,1,0,55500.000000026,9274.69223730161,4350,1
SUBDEVICES.NUM=0
SUBLOGICALMODELS.NUM=0
