ENTITYNAME=F4System
SYSCLASSIFYNAME=GJ8
BASEFAMILY=5266d74c-6fbf-4ee8-8556-914a7b4308da.fam
OBJECTMODELPOINTER=5266d74c-6fbf-4ee8-8556-914a7b4308da.dev
TRANSFORMMATRIX=-1.06043306211999E-15,-1,-2.40534497310861E-15,0,1,2.16323416198911E-16,8.49643771298362E-16,0,3.85346484017487E-17,-2.40534497310862E-15,1,0,74700.0000000227,12140.2911116335,-599.999999999946,1
SUBDEVICES.NUM=0
SUBLOGICALMODELS.NUM=0
