ENTITYNAME=F4System
SYSCLASSIFYNAME=DLM
BASEFAMILY=90295a37-22ab-4928-8917-9a2c8e159c0a.fam
OBJECTMODELPOINTER=90295a37-22ab-4928-8917-9a2c8e159c0a.dev
TRANSFORMMATRIX=1,0,0,0,0,-4.97899625051475E-17,1,0,0,-1,-4.97899625051475E-17,0,47334.2018896625,19900.0000001465,3755,1
SUBDEVICES.NUM=0
SUBLOGICALMODELS.NUM=0
