ENTITYNAME=F4System
SYSCLASSIFYNAME=CC4
BASEFAMILY=0a7c15e9-8981-432a-80cb-9cf874f7077b.fam
OBJECTMODELPOINTER=0a7c15e9-8981-432a-80cb-9cf874f7077b.dev
TRANSFORMMATRIX=6.12323399573677E-17,1,0,0,-1,6.12323399573677E-17,0,0,0,0,1,0,12791.0000000483,10167.2114951542,-5660.05,1
SUBDEVICES.NUM=0
SUBLOGICALMODELS.NUM=0
