<?xml version="1.0" encoding="utf-8"?>
<Device>
  <Entities>
    <Entity ID="2" Type="simple" Visible="true">
      <Cylinder R="17" H="270" />
      <Color R="138" G="149" B="151" A="0" />
      <TransformMatrix Value="-1,6.12323399573677E-17,0,0,0,0,1,0,6.12323399573677E-17,1,0,0,-1239,2488.50000020117,-1523.04340392352,1" />
    </Entity>
    <Entity ID="3" Type="simple" Visible="true">
      <Cylinder R="17" H="2550" />
      <Color R="138" G="149" B="151" A="0" />
      <TransformMatrix Value="6.0999332417281E-17,0.996194698091746,0.0871557427476582,0,-1,6.12323399573677E-17,0,0,-5.33675006916149E-18,-0.0871557427476582,0.996194698091746,0,-1239,2929.87409219891,-3481.8582364264,1" />
    </Entity>
    <Entity ID="4" Type="simple" Visible="true">
      <Cylinder R="17" H="270" />
      <Color R="138" G="149" B="151" A="0" />
      <TransformMatrix Value="-1,6.12323399573677E-17,0,0,0,0,1,0,6.12323399573677E-17,1,0,0,-939,2488.50000020117,-1523.04340392352,1" />
    </Entity>
    <Entity ID="5" Type="simple" Visible="true">
      <Cylinder R="17" H="2550" />
      <Color R="138" G="149" B="151" A="0" />
      <TransformMatrix Value="6.0999332417281E-17,0.996194698091746,0.0871557427476582,0,-1,6.12323399573677E-17,0,0,-5.33675006916149E-18,-0.0871557427476582,0.996194698091746,0,-939,2929.87409219891,-3481.8582364264,1" />
    </Entity>
    <Entity ID="6" Type="simple" Visible="true">
      <Cylinder R="15" H="300" />
      <Color R="138" G="149" B="151" A="0" />
      <TransformMatrix Value="6.12323399573677E-17,1,0,0,0,0,1,0,1,-6.12323399573677E-17,0,0,-1239,2925.08052720129,-3427.06752803135,1" />
    </Entity>
    <Entity ID="7" Type="simple" Visible="true">
      <Cylinder R="15" H="300" />
      <Color R="138" G="149" B="151" A="0" />
      <TransformMatrix Value="6.12323399573677E-17,1,0,0,0,0,1,0,1,-6.12323399573677E-17,0,0,-1239,2894.57601720095,-3078.39938369924,1" />
    </Entity>
    <Entity ID="8" Type="simple" Visible="true">
      <Cylinder R="15" H="300" />
      <Color R="138" G="149" B="151" A="0" />
      <TransformMatrix Value="6.12323399573677E-17,1,0,0,0,0,1,0,1,-6.12323399573677E-17,0,0,-1239,2864.0715072006,-2729.73123936713,1" />
    </Entity>
    <Entity ID="9" Type="simple" Visible="true">
      <Cylinder R="15" H="300" />
      <Color R="138" G="149" B="151" A="0" />
      <TransformMatrix Value="6.12323399573677E-17,1,0,0,0,0,1,0,1,-6.12323399573677E-17,0,0,-1239,2833.56699720025,-2381.06309503502,1" />
    </Entity>
    <Entity ID="10" Type="simple" Visible="true">
      <Cylinder R="15" H="300" />
      <Color R="138" G="149" B="151" A="0" />
      <TransformMatrix Value="6.12323399573677E-17,1,0,0,0,0,1,0,1,-6.12323399573677E-17,0,0,-1239,2803.0624871999,-2032.39495070291,1" />
    </Entity>
    <Entity ID="11" Type="simple" Visible="true">
      <Cylinder R="15" H="300" />
      <Color R="138" G="149" B="151" A="0" />
      <TransformMatrix Value="6.12323399573677E-17,1,0,0,0,0,1,0,1,-6.12323399573677E-17,0,0,-1239,2772.55797719955,-1683.7268063708,1" />
    </Entity>
    <Entity ID="12" Type="simple" Visible="true">
      <Cylinder R="15" H="300" />
      <Color R="138" G="149" B="151" A="0" />
      <TransformMatrix Value="6.12323399573677E-17,1,0,0,0,0,1,0,1,-6.12323399573677E-17,0,0,-1239,2742.05346719921,-1335.05866203869,1" />
    </Entity>
    <Entity ID="13" Type="simple" Visible="true">
      <Cylinder R="17" H="200" />
      <Color R="138" G="149" B="151" A="0" />
      <TransformMatrix Value="-6.65690900251306E-17,-0.0871557427248171,0.996194698093744,0,1,-6.65690900251305E-17,6.09993324174034E-17,0,6.09993324174034E-17,0.996194698093744,0.0871557427248171,0,-1239,2470.47074279934,-927.17654140396,1" />
    </Entity>
    <Entity ID="14" Type="simple" Visible="true">
      <Ring R="35" DR="17" Rad="1.5707963267949" />
      <Color R="138" G="149" B="151" A="0" />
      <TransformMatrix Value="6.09993324174034E-17,0.996194698093744,0.0871557427248171,0,-6.65690900251306E-17,-0.0871557427248171,0.996194698093744,0,1,-6.65690900251305E-17,6.09993324174034E-17,0,-1239,2672.76013380289,-944.61220728782,1" />
    </Entity>
    <Entity ID="15" Type="simple" Visible="true">
      <Ring R="35" DR="17" Rad="1.5707963267949" />
      <Color R="138" G="149" B="151" A="0" />
      <TransformMatrix Value="6.09993324174034E-17,0.996194698093744,0.0871557427248171,0,-6.65690900251306E-17,-0.0871557427248171,0.996194698093744,0,1,-6.65690900251305E-17,6.09993324174034E-17,0,-939,2672.76013380289,-944.61220728782,1" />
    </Entity>
    <Entity ID="16" Type="simple" Visible="true">
      <Cylinder R="17" H="200" />
      <Color R="138" G="149" B="151" A="0" />
      <TransformMatrix Value="-6.65690900251306E-17,-0.0871557427248171,0.996194698093744,0,1,-6.65690900251305E-17,6.09993324174034E-17,0,6.09993324174034E-17,0.996194698093744,0.0871557427248171,0,-939,2470.47074279934,-927.17654140396,1" />
    </Entity>
    <Entity ID="17" Type="simple" Visible="true">
      <Cylinder R="17" H="366" />
      <Color R="138" G="149" B="151" A="0" />
      <TransformMatrix Value="-1,6.12323399573677E-17,0,0,0,0,1,0,6.12323399573677E-17,1,0,0,-939,2488.50000020117,-2622.04340392351,1" />
    </Entity>
    <Entity ID="18" Type="simple" Visible="true">
      <Cylinder R="17" H="366" />
      <Color R="138" G="149" B="151" A="0" />
      <TransformMatrix Value="-1,6.12323399573677E-17,0,0,0,0,1,0,6.12323399573677E-17,1,0,0,-1239,2488.50000020117,-2622.04340392351,1" />
    </Entity>
  </Entities>
</Device>