<?xml version="1.0" encoding="utf-8"?>
<Device>
  <Entities>
    <Entity ID="93" Type="simple" Visible="false">
      <Sphere R="40" />
      <Color R="0" G="0" B="0" A="0" />
      <TransformMatrix Value="1,0,0,0,0,1,0,0,0,0,1,0,-47.297439083271,-248.795054591631,2098.25049105793,1" />
    </Entity>
    <Entity ID="94" Type="simple" Visible="false">
      <Sphere R="42" />
      <Color R="215" G="215" B="215" A="60" />
      <TransformMatrix Value="1,0,0,0,0,1,0,0,0,0,1,0,-47.266713470021,-248.795054591631,2097.37968797854,1" />
    </Entity>
    <Entity ID="95" Type="simple" Visible="false">
      <RotationalEllipsoid LR="80" WR="60" H="60" />
      <Color R="255" G="255" B="255" A="0" />
      <TransformMatrix Value="6.12323399573677E-17,-5.36245139718935E-17,1,0,5.36245139718935E-17,1,5.36245139718934E-17,0,-1,5.36245139718934E-17,6.12323399573677E-17,0,-47.05,-249.05,2071.17746974293,1" />
    </Entity>
    <Entity ID="96" Type="simple" Visible="true">
      <Sphere R="25" />
      <Color R="215" G="215" B="215" A="60" />
      <TransformMatrix Value="6.12323399573677E-17,0.997054485501581,-0.0766964988847385,0,1,-4.69630609325009E-17,1.87852243730004E-16,0,-1.83697019872103E-16,0.0766964988847385,0.997054485501581,0,-63.750000000001,-8.85503956124899,243.42913632419,1" />
    </Entity>
    <Entity ID="97" Type="simple" Visible="true">
      <TruncatedCone BR="15" TR="10" H="20" />
      <Color R="255" G="255" B="255" A="0" />
      <TransformMatrix Value="1,0,0,0,0,1,0,0,0,0,1,0,-63.75,0,150,1" />
    </Entity>
    <Entity ID="98" Type="simple" Visible="true">
      <TruncatedCone BR="15" TR="10" H="20" />
      <Color R="255" G="255" B="255" A="0" />
      <TransformMatrix Value="1,0,0,0,0,1,0,0,0,0,1,0,63.75,0,150,1" />
    </Entity>
    <Entity ID="99" Type="simple" Visible="true">
      <Cuboid L="255" W="40" H="150" />
      <Color R="255" G="255" B="255" A="0" />
      <TransformMatrix Value="1,0,0,0,0,1,0,0,0,0,1,0,0,0,0,1" />
    </Entity>
    <Entity ID="100" Type="simple" Visible="false">
      <RotationalEllipsoid LR="300" WR="150" H="20" />
      <Color R="138" G="149" B="151" A="0" />
      <TransformMatrix Value="1.8593143085471E-16,0.997054485501581,-0.0766964988847385,0,-5.00602850388579E-17,0.0766964988847385,0.997054485501581,0,1,-1.81544318533763E-16,6.4173121522667E-17,0,-63.750000000001,-283.045023074183,264.52067351749,1" />
    </Entity>
    <Entity ID="101" Type="simple" Visible="false">
      <Cylinder R="8" H="50" />
      <Color R="255" G="255" B="255" A="0" />
      <TransformMatrix Value="1,0,0,0,0,1,0,0,0,0,1,0,-63.75,0,170,1" />
    </Entity>
    <Entity ID="102" Type="boolean" Visible="true">
      <Boolean Type="Difference" Entity1="100" Entity2="101" />
      <Color R="138" G="149" B="151" A="0" />
      <TransformMatrix Value="1,0,0,0,0,1,0,0,0,0,1,0,0,0,0,1" />
    </Entity>
    <Entity ID="103" Type="simple" Visible="true">
      <Sphere R="25" />
      <Color R="215" G="215" B="215" A="60" />
      <TransformMatrix Value="6.12323399573677E-17,0.997054485501581,-0.0766964988847385,0,1,-4.69630609325009E-17,1.87852243730004E-16,0,-1.83697019872103E-16,0.0766964988847385,0.997054485501581,0,63.749999999999,-8.85503956124899,243.42913632419,1" />
    </Entity>
    <Entity ID="104" Type="simple" Visible="false">
      <RotationalEllipsoid LR="300" WR="150" H="20" />
      <Color R="138" G="149" B="151" A="0" />
      <TransformMatrix Value="1.8593143085471E-16,0.997054485501581,-0.0766964988847385,0,-5.00602850388579E-17,0.0766964988847385,0.997054485501581,0,1,-1.81544318533763E-16,6.4173121522667E-17,0,63.749999999999,-283.045023074183,264.52067351749,1" />
    </Entity>
    <Entity ID="105" Type="simple" Visible="false">
      <Cylinder R="8" H="50" />
      <Color R="255" G="255" B="255" A="0" />
      <TransformMatrix Value="1,0,0,0,0,1,0,0,0,0,1,0,63.75,0,170,1" />
    </Entity>
    <Entity ID="106" Type="boolean" Visible="true">
      <Boolean Type="Difference" Entity1="104" Entity2="105" />
      <Color R="138" G="149" B="151" A="0" />
      <TransformMatrix Value="1,0,0,0,0,1,0,0,0,0,1,0,0,0,0,1" />
    </Entity>
  </Entities>
</Device>