<?xml version="1.0" encoding="utf-8"?>
<Device>
  <Entities>
    <Entity ID="56" Type="simple" Visible="true">
      <SquareGasket L1="300" W1="300" L2="240" W2="240" H="20" CT="1" Rad="0.5" CL="0" />
      <Color R="255" G="255" B="255" A="0" />
      <TransformMatrix Value="1,1.17647239855361E-16,2.44613072966592E-17,0,1.17647239855361E-16,-1,6.12323399573677E-17,0,2.44613072966592E-17,-6.12323399573677E-17,-1,0,7.61620275043839E-14,140,-100,1" />
    </Entity>
    <Entity ID="57" Type="simple" Visible="true">
      <Cuboid L="240" W="20" H="5" />
      <Color R="255" G="255" B="255" A="0" />
      <TransformMatrix Value="1,1.17647239855361E-16,2.44613072966592E-17,0,6.87090918034338E-17,-0.726830000824418,0.686817406521979,0,9.85813841645253E-17,-0.686817406521979,-0.726830000824418,0,9.17738648742446E-14,30.7023870408542,-116.365849971771,1" />
    </Entity>
    <Entity ID="58" Type="simple" Visible="true">
      <Cuboid L="240" W="20" H="5" />
      <Color R="255" G="255" B="255" A="0" />
      <TransformMatrix Value="1,1.17647239855361E-16,2.44613072966592E-17,0,6.87090918034338E-17,-0.726830000824418,0.686817406521979,0,9.85813841645253E-17,-0.686817406521979,-0.726830000824418,0,9.17738648742446E-14,48.6730740899522,-119.599874008762,1" />
    </Entity>
    <Entity ID="59" Type="simple" Visible="true">
      <Cuboid L="240" W="20" H="5" />
      <Color R="255" G="255" B="255" A="0" />
      <TransformMatrix Value="1,1.17647239855361E-16,2.44613072966592E-17,0,6.87090918034338E-17,-0.726830000824418,0.686817406521979,0,9.85813841645253E-17,-0.686817406521979,-0.726830000824418,0,9.17738648742446E-14,66.6437611390502,-116.365849971771,1" />
    </Entity>
    <Entity ID="60" Type="simple" Visible="true">
      <Cuboid L="240" W="20" H="5" />
      <Color R="255" G="255" B="255" A="0" />
      <TransformMatrix Value="1,1.17647239855361E-16,2.44613072966592E-17,0,6.87090918034338E-17,-0.726830000824418,0.686817406521979,0,9.85813841645253E-17,-0.686817406521979,-0.726830000824418,0,9.17738648742446E-14,84.6144481881482,-119.599874008762,1" />
    </Entity>
    <Entity ID="61" Type="simple" Visible="true">
      <Cuboid L="240" W="20" H="5" />
      <Color R="255" G="255" B="255" A="0" />
      <TransformMatrix Value="1,1.17647239855361E-16,2.44613072966592E-17,0,6.87090918034338E-17,-0.726830000824418,0.686817406521979,0,9.85813841645253E-17,-0.686817406521979,-0.726830000824418,0,9.17738648742446E-14,102.585135237247,-116.365849971771,1" />
    </Entity>
    <Entity ID="62" Type="simple" Visible="true">
      <Cuboid L="240" W="20" H="5" />
      <Color R="255" G="255" B="255" A="0" />
      <TransformMatrix Value="1,1.17647239855361E-16,2.44613072966592E-17,0,6.87090918034338E-17,-0.726830000824418,0.686817406521979,0,9.85813841645253E-17,-0.686817406521979,-0.726830000824418,0,9.17738648742446E-14,120.555822286345,-119.599874008762,1" />
    </Entity>
    <Entity ID="63" Type="simple" Visible="true">
      <Cuboid L="240" W="20" H="5" />
      <Color R="255" G="255" B="255" A="0" />
      <TransformMatrix Value="1,1.17647239855361E-16,2.44613072966592E-17,0,6.87090918034338E-17,-0.726830000824418,0.686817406521979,0,9.85813841645253E-17,-0.686817406521979,-0.726830000824418,0,9.17738648742446E-14,138.526509335443,-116.365849971771,1" />
    </Entity>
    <Entity ID="64" Type="simple" Visible="true">
      <Cuboid L="240" W="20" H="5" />
      <Color R="255" G="255" B="255" A="0" />
      <TransformMatrix Value="1,1.17647239855361E-16,2.44613072966592E-17,0,6.87090918034338E-17,-0.726830000824418,0.686817406521979,0,9.85813841645253E-17,-0.686817406521979,-0.726830000824418,0,9.17738648742446E-14,156.497196384541,-119.599874008762,1" />
    </Entity>
    <Entity ID="65" Type="simple" Visible="true">
      <Cuboid L="240" W="20" H="5" />
      <Color R="255" G="255" B="255" A="0" />
      <TransformMatrix Value="1,1.17647239855361E-16,2.44613072966592E-17,0,6.87090918034338E-17,-0.726830000824418,0.686817406521979,0,9.85813841645253E-17,-0.686817406521979,-0.726830000824418,0,9.17738648742446E-14,174.46788343364,-116.365849971771,1" />
    </Entity>
    <Entity ID="66" Type="simple" Visible="true">
      <Cuboid L="240" W="20" H="5" />
      <Color R="255" G="255" B="255" A="0" />
      <TransformMatrix Value="1,1.17647239855361E-16,2.44613072966592E-17,0,6.87090918034338E-17,-0.726830000824418,0.686817406521979,0,9.85813841645253E-17,-0.686817406521979,-0.726830000824418,0,9.17738648742446E-14,192.438570482738,-119.599874008762,1" />
    </Entity>
    <Entity ID="67" Type="simple" Visible="true">
      <Cuboid L="240" W="20" H="5" />
      <Color R="255" G="255" B="255" A="0" />
      <TransformMatrix Value="1,1.17647239855361E-16,2.44613072966592E-17,0,6.87090918034338E-17,-0.726830000824418,0.686817406521979,0,9.85813841645253E-17,-0.686817406521979,-0.726830000824418,0,9.17738648742446E-14,210.409257531836,-116.365849971771,1" />
    </Entity>
    <Entity ID="68" Type="simple" Visible="true">
      <Cuboid L="240" W="20" H="5" />
      <Color R="255" G="255" B="255" A="0" />
      <TransformMatrix Value="1,1.17647239855361E-16,2.44613072966592E-17,0,6.87090918034338E-17,-0.726830000824418,0.686817406521979,0,9.85813841645253E-17,-0.686817406521979,-0.726830000824418,0,9.17738648742446E-14,228.379944580934,-119.599874008762,1" />
    </Entity>
    <Entity ID="69" Type="simple" Visible="true">
      <Cuboid L="240" W="20" H="5" />
      <Color R="255" G="255" B="255" A="0" />
      <TransformMatrix Value="1,1.17647239855361E-16,2.44613072966592E-17,0,6.87090918034338E-17,-0.726830000824418,0.686817406521979,0,9.85813841645253E-17,-0.686817406521979,-0.726830000824418,0,9.17738648742446E-14,246.350631630032,-119.599874008762,1" />
    </Entity>
    <Entity ID="70" Type="simple" Visible="true">
      <Cuboid L="280" W="100" H="280" />
      <Color R="255" G="255" B="255" A="0" />
      <TransformMatrix Value="1,1.17647239855361E-16,2.44613072966592E-17,0,-2.44613072966592E-17,6.12323399573677E-17,1,0,1.17647239855361E-16,-1,6.12323399573677E-17,0,5.21870342932654E-14,280,-50,1" />
    </Entity>
  </Entities>
</Device>