<?xml version="1.0" encoding="utf-8"?>
<Device>
  <Entities>
    <Entity ID="875" Type="simple" Visible="true">
      <Cylinder R="135" H="9" />
      <Color R="246" G="246" B="246" A="0" />
      <TransformMatrix Value="0.999998550154763,0.000147567541722022,0.00169644103700349,0,-0.00161224653395554,-0.23857914656962,0.971121718160615,0,0.000548041499475802,-0.971123045265599,-0.238578562751523,0,-0.393615006895642,70.6502959248918,225.878021908806,1" />
    </Entity>
    <Entity ID="876" Type="simple" Visible="true">
      <TruncatedCone BR="100" TR="133" H="62" />
      <Color R="246" G="246" B="246" A="0" />
      <TransformMatrix Value="0.999998550154763,0.000147567541722022,0.00169644103700349,0,-0.00161224653395554,-0.23857914656962,0.971121718160615,0,0.000548041499475802,-0.971123045265599,-0.238578562751523,0,-0.427593579756876,130.859924659183,240.669892743035,1" />
    </Entity>
    <Entity ID="877" Type="simple" Visible="true">
      <TruncatedCone BR="72" TR="83" H="19" />
      <Color R="246" G="246" B="246" A="0" />
      <TransformMatrix Value="0.999998550154763,0.000147567541722022,0.00169644103700349,0,-0.00161224653395554,-0.23857914656962,0.971121718160615,0,0.000548041499475802,-0.971123045265599,-0.238578562751523,0,-0.438006368273914,149.311262535923,245.202885449776,1" />
    </Entity>
    <Entity ID="878" Type="simple" Visible="true">
      <TruncatedCone BR="55" TR="72" H="138" />
      <Color R="246" G="246" B="246" A="0" />
      <TransformMatrix Value="0.999998550154763,0.000147567541722022,0.00169644103700349,0,-0.00161224653395554,-0.23857914656962,0.971121718160615,0,0.000548041499475802,-0.971123045265599,-0.238578562751523,0,-0.513636095207168,283.326242785365,278.126727112546,1" />
    </Entity>
    <Entity ID="879" Type="simple" Visible="true">
      <TruncatedCone BR="1" TR="55" H="26" />
      <Color R="246" G="246" B="246" A="0" />
      <TransformMatrix Value="0.999998550154763,0.000147567541722022,0.00169644103700349,0,-0.00161224653395554,-0.23857914656962,0.971121718160615,0,0.000548041499475802,-0.971123045265599,-0.238578562751523,0,-0.527885174222023,308.575441983921,284.329769758986,1" />
    </Entity>
    <Entity ID="880" Type="simple" Visible="true">
      <Cylinder R="202.5" H="21" />
      <Color R="246" G="246" B="246" A="40" />
      <TransformMatrix Value="0.999998550154763,0.000147567541722022,0.00169644103700349,0,-0.00161224653395554,-0.23857914656962,0.971121718160615,0,0.000548041499475802,-0.971123045265599,-0.238578562751523,0,-0.332234358870456,-38.1154852050592,199.157222836415,1" />
    </Entity>
    <Entity ID="881" Type="simple" Visible="false">
      <TruncatedCone BR="124" TR="184" H="103" />
      <Color R="246" G="246" B="246" A="0" />
      <TransformMatrix Value="1,0,0,0,0,0.40267614929016,0.915342514468135,0,0,-0.915342514468135,0.40267614929016,0,-0.388682633321611,61.9101884621173,223.730814802436,1" />
    </Entity>
    <Entity ID="882" Type="simple" Visible="false">
      <TruncatedCone BR="114" TR="174" H="103" />
      <Color R="246" G="246" B="246" A="0" />
      <TransformMatrix Value="1,0,0,0,0,0.40267614929016,0.915342514468135,0,0,-0.915342514468135,0.40267614929016,0,-0.388682633321611,61.9101884621173,223.730814802436,1" />
    </Entity>
    <Entity ID="883" Type="boolean" Visible="true">
      <Boolean Type="Difference" Entity1="881" Entity2="882" />
      <Color R="246" G="246" B="246" A="0" />
      <TransformMatrix Value="0.999998550154763,0.000147567541722022,0.00169644103700349,0,-0.00115085891016269,0.79284007806978,0.609428655488134,0,-0.00125507455567328,-0.609429724275184,0.792839098403789,0,0,0,0,1" />
    </Entity>
    <Entity ID="884" Type="simple" Visible="true">
      <Sphere R="45" />
      <Color R="255" G="255" B="255" A="0" />
      <TransformMatrix Value="-0.00115085891016269,0.79284007806978,0.609428655488134,0,-0.00125507455567328,-0.609429724275184,0.792839098403789,0,0.999998550154763,0.000147567541722022,0.00169644103700349,0,-0.360458496098603,11.8973516309408,211.444018820735,1" />
    </Entity>
    <Entity ID="885" Type="simple" Visible="true">
      <Cylinder R="27" H="300" />
      <Color R="246" G="246" B="246" A="0" />
      <TransformMatrix Value="0,0.915342514468135,-0.40267614929016,0,0,0.40267614929016,0.915342514468135,0,1,0,0,0,-150.527886624067,217.692291444971,13.5041621496955,1" />
    </Entity>
    <Entity ID="886" Type="simple" Visible="true">
      <Cuboid L="20" W="54" H="250" />
      <Color R="246" G="246" B="246" A="0" />
      <TransformMatrix Value="1,0,0,0,0,1,0,0,0,0,1,0,-140.527886624067,217.692291444971,13.5041621496955,1" />
    </Entity>
    <Entity ID="887" Type="simple" Visible="true">
      <Cuboid L="20" W="54" H="250" />
      <Color R="246" G="246" B="246" A="0" />
      <TransformMatrix Value="1,0,0,0,0,1,0,0,0,0,1,0,139.472113375933,217.692291444971,13.5041621496955,1" />
    </Entity>
    <Entity ID="888" Type="simple" Visible="true">
      <Cylinder R="27" H="300" />
      <Color R="246" G="246" B="246" A="0" />
      <TransformMatrix Value="0,0.915342514468135,-0.40267614929016,0,0,0.40267614929016,0.915342514468135,0,1,0,0,0,-150.527886624067,217.692291444971,263.504162149696,1" />
    </Entity>
    <Entity ID="889" Type="simple" Visible="true">
      <Cuboid L="20" W="54" H="200" />
      <Color R="246" G="246" B="246" A="0" />
      <TransformMatrix Value="1,0,0,0,0,6.12323399573677E-17,1,0,0,-1,6.12323399573677E-17,0,139.472113375933,417.692291444971,13.5041621496945,1" />
    </Entity>
    <Entity ID="890" Type="simple" Visible="true">
      <Cuboid L="20" W="54" H="200" />
      <Color R="246" G="246" B="246" A="0" />
      <TransformMatrix Value="1,0,0,0,0,6.12323399573677E-17,1,0,0,-1,6.12323399573677E-17,0,-140.527886624067,417.692291444971,13.5041621496945,1" />
    </Entity>
  </Entities>
</Device>