<?xml version="1.0" encoding="utf-8"?>
<Device>
  <Entities>
    <Entity ID="2" Type="simple" Visible="true">
      <PorcelainBushing R1="110" R2="90" R="62" H="556" N="7" />
      <Color R="91" G="58" B="41" A="0" />
      <TransformMatrix Value="0.677197367461246,-8.4582699902975E-12,0.735801417166044,0,6.66380609578009E-12,1,5.36225937177374E-12,0,-0.735801417166044,1.27193003878515E-12,0.677197367461246,0,-240.995462805033,-7.45058059692383E-09,449.436207564732,1" />
    </Entity>
    <Entity ID="3" Type="simple" Visible="true">
      <PorcelainBushing R1="110" R2="90" R="62" H="556" N="7" />
      <Color R="91" G="58" B="41" A="0" />
      <TransformMatrix Value="1,0,0,0,0,1,0,0,0,0,1,0,0,-7.45058059692383E-09,668.076704925921,1" />
    </Entity>
    <Entity ID="4" Type="simple" Visible="true">
      <Cuboid L="120" W="210" H="150" />
      <Color R="138" G="149" B="151" A="0" />
      <TransformMatrix Value="-7.8803017964494E-12,1,0,0,-1,-7.8803017964494E-12,0,0,0,0,1,0,0,-7.45058059692383E-09,1306.07670492592,1" />
    </Entity>
    <Entity ID="5" Type="simple" Visible="true">
      <OffsetRectangularTable TL="192" TW="298" LL="350" LW="298" H="320" XOFF="80" YOFF="0" />
      <Color R="138" G="149" B="151" A="0" />
      <TransformMatrix Value="6.12323399573676E-17,0,-1,0,0,1,0,0,-1,0,-6.12323399573676E-17,0,160.007296599448,0.00891759246587753,255,1" />
    </Entity>
    <Entity ID="6" Type="simple" Visible="true">
      <Cylinder R="55" H="200" />
      <Color R="138" G="149" B="151" A="0" />
      <TransformMatrix Value="1,0,0,0,0,1,0,0,0,0,1,0,0,-7.45058059692383E-09,342.076704925921,1" />
    </Entity>
    <Entity ID="7" Type="simple" Visible="true">
      <Cylinder R="60" H="25" />
      <Color R="138" G="149" B="151" A="0" />
      <TransformMatrix Value="0.677197367461246,-8.4582699902975E-12,0.735801417166044,0,6.66380609578009E-12,1,5.36225937177374E-12,0,-0.735801417166044,1.27193003878515E-12,0.677197367461246,0,-148.28448420018,-7.45058059692383E-09,364.109339261612,1" />
    </Entity>
    <Entity ID="8" Type="simple" Visible="true">
      <Cylinder R="85" H="16" />
      <Color R="138" G="149" B="151" A="0" />
      <TransformMatrix Value="0.677197367461246,-8.4582699902975E-12,0.735801417166044,0,6.66380609578009E-12,1,5.36225937177374E-12,0,-0.735801417166044,1.27193003878515E-12,0.677197367461246,0,-166.679519698024,-7.45058059692383E-09,381.039273450336,1" />
    </Entity>
    <Entity ID="9" Type="simple" Visible="true">
      <Cylinder R="55" H="100" />
      <Color R="138" G="149" B="151" A="0" />
      <TransformMatrix Value="0.677197367461246,-8.4582699902975E-12,0.735801417166044,0,6.66380609578009E-12,1,5.36225937177374E-12,0,-0.735801417166044,1.27193003878515E-12,0.677197367461246,0,-74.7043424993753,-5.00000000745058,296.389602514292,1" />
    </Entity>
    <Entity ID="10" Type="simple" Visible="true">
      <Cuboid L="386" W="386" H="80" />
      <Color R="138" G="149" B="151" A="0" />
      <TransformMatrix Value="1,0,0,0,0,-1,0,0,0,0,-1,0,0,-7.45058059692383E-09,80,1" />
    </Entity>
    <Entity ID="11" Type="simple" Visible="true">
      <Cylinder R="85" H="16" />
      <Color R="138" G="149" B="151" A="0" />
      <TransformMatrix Value="1,0,0,0,0,1,0,0,0,0,1,0,0,-7.45058059692383E-09,567.076704925921,1" />
    </Entity>
    <Entity ID="12" Type="simple" Visible="true">
      <Cylinder R="80" H="85" />
      <Color R="138" G="149" B="151" A="0" />
      <TransformMatrix Value="1,0,0,0,0,1,0,0,0,0,1,0,0,-7.45058059692383E-09,583.076704925921,1" />
    </Entity>
    <Entity ID="13" Type="simple" Visible="true">
      <Cylinder R="60" H="25" />
      <Color R="138" G="149" B="151" A="0" />
      <TransformMatrix Value="1,0,0,0,0,1,0,0,0,0,1,0,0,-7.45058059692383E-09,542.076704925921,1" />
    </Entity>
    <Entity ID="14" Type="simple" Visible="true">
      <Cylinder R="80" H="85" />
      <Color R="138" G="149" B="151" A="0" />
      <TransformMatrix Value="0.677197367461246,-8.4582699902975E-12,0.735801417166044,0,6.66380609578009E-12,1,5.36225937177374E-12,0,-0.735801417166044,1.27193003878515E-12,0.677197367461246,0,-178.452342301607,-7.45058059692383E-09,391.874431329032,1" />
    </Entity>
    <Entity ID="15" Type="simple" Visible="true">
      <EccentricTruncatedCone TR="60" BR="62" H="12" TOPXOFF="0" TOPYOFF="0" />
      <Color R="138" G="149" B="151" A="0" />
      <TransformMatrix Value="0.677197367461246,-8.4582699902975E-12,0.735801417166044,0,6.66380609578009E-12,1,5.36225937177374E-12,0,-0.735801417166044,1.27193003878515E-12,0.677197367461246,0,-650.101050704718,-7.45058059692383E-09,825.95794387367,1" />
    </Entity>
    <Entity ID="16" Type="simple" Visible="true">
      <Cylinder R="60" H="20" />
      <Color R="138" G="149" B="151" A="0" />
      <TransformMatrix Value="0.677197367461246,-8.4582699902975E-12,0.735801417166044,0,6.66380609578009E-12,1,5.36225937177374E-12,0,-0.735801417166044,1.27193003878515E-12,0.677197367461246,0,-658.930667698383,-7.45058059692383E-09,834.08431228455,1" />
    </Entity>
    <Entity ID="17" Type="simple" Visible="true">
      <Cylinder R="75" H="50" />
      <Color R="138" G="149" B="151" A="0" />
      <TransformMatrix Value="0.677197367461246,-8.4582699902975E-12,0.735801417166044,0,6.66380609578009E-12,1,5.36225937177374E-12,0,-0.735801417166044,1.27193003878515E-12,0.677197367461246,0,-673.646696098149,-7.45058059692383E-09,847.62825963106,1" />
    </Entity>
    <Entity ID="18" Type="simple" Visible="true">
      <Cuboid L="550" W="50" H="10" />
      <Color R="138" G="149" B="151" A="0" />
      <TransformMatrix Value="0.699818605681213,4.79901990930108E-11,0.714320599690645,0,-0.714320599690645,-1.12817765200639E-11,0.699818605681213,0,4.16432395850226E-11,-1,2.63851906815148E-11,0,-553.861529804766,4.99999999254942,1077.56374306372,1" />
    </Entity>
    <Entity ID="19" Type="simple" Visible="true">
      <Cuboid L="40" W="50" H="10" />
      <Color R="138" G="149" B="151" A="0" />
      <TransformMatrix Value="-1.35067392332406E-10,-1,-4.4456004985706E-11,0,-0.279358498572662,-4.95384844337678E-12,0.960186872059407,0,-0.960186872059407,1.42109099766219E-10,-0.279358498572662,0,-349.860523402691,-7.45058059692383E-09,1283.3012304157,1" />
    </Entity>
    <Entity ID="20" Type="simple" Visible="true">
      <Cuboid L="50" W="50" H="10" />
      <Color R="138" G="149" B="151" A="0" />
      <TransformMatrix Value="0.960186872059407,1.08154009039637E-11,0.279358498572662,0,-0.279358498572662,-4.9628049801061E-12,0.960186872059407,0,1.17712077119967E-11,-1,-1.74384603249622E-12,0,-373.865195199847,19.9999999925494,1276.31726795062,1" />
    </Entity>
    <Entity ID="21" Type="simple" Visible="true">
      <Cuboid L="50" W="50" H="10" />
      <Color R="138" G="149" B="151" A="0" />
      <TransformMatrix Value="0.960186872059407,1.08154009039637E-11,0.279358498572662,0,-0.279358498572662,-4.9628049801061E-12,0.960186872059407,0,1.17712077119967E-11,-1,-1.74384603249622E-12,0,-373.865195199847,-10.0000000074506,1276.31726795062,1" />
    </Entity>
    <Entity ID="22" Type="simple" Visible="true">
      <Cuboid L="350" W="50" H="10" />
      <Color R="138" G="149" B="151" A="0" />
      <TransformMatrix Value="0.960186872059407,1.08154009039637E-11,0.279358498572662,0,-0.279358498572662,-4.9628049801061E-12,0.960186872059407,0,1.17712077119967E-11,-1,-1.74384603249622E-12,0,-181.827820800245,4.99999999254942,1332.18896766752,1" />
    </Entity>
    <Entity ID="23" Type="simple" Visible="true">
      <EccentricTruncatedCone TR="60" BR="62" H="12" TOPXOFF="0" TOPYOFF="0" />
      <Color R="138" G="149" B="151" A="0" />
      <TransformMatrix Value="1,0,0,0,0,1,0,0,0,0,1,0,0,-7.45058059692383E-09,1224.07670492592,1" />
    </Entity>
    <Entity ID="24" Type="simple" Visible="true">
      <Cylinder R="60" H="20" />
      <Color R="138" G="149" B="151" A="0" />
      <TransformMatrix Value="1,0,0,0,0,1,0,0,0,0,1,0,0,-7.45058059692383E-09,1236.07670492592,1" />
    </Entity>
    <Entity ID="25" Type="simple" Visible="true">
      <Cylinder R="75" H="50" />
      <Color R="138" G="149" B="151" A="0" />
      <TransformMatrix Value="1,0,0,0,0,1,0,0,0,0,1,0,0,-7.45058059692383E-09,1256.07670492592,1" />
    </Entity>
    <Entity ID="26" Type="simple" Visible="true">
      <Cuboid L="25" W="120" H="80" />
      <Color R="138" G="149" B="151" A="0" />
      <TransformMatrix Value="1,0,0,0,0,0,1,0,0,-1,0,0,-17.5,39.9999999925494,1516.07670492592,1" />
    </Entity>
    <Entity ID="27" Type="simple" Visible="true">
      <Cuboid L="25" W="120" H="80" />
      <Color R="138" G="149" B="151" A="0" />
      <TransformMatrix Value="1,0,0,0,0,0,1,0,0,-1,0,0,17.4999999999996,39.9999999925494,1516.07670492592,1" />
    </Entity>
    <Entity ID="28" Type="simple" Visible="false">
      <Cuboid L="10" W="200" H="80" />
      <Color R="138" G="149" B="151" A="0" />
      <TransformMatrix Value="1,0,0,0,0,0,1,0,0,-1,0,0,0,39.9999999925494,1556.07670492592,1" />
    </Entity>
    <Entity ID="29" Type="simple" Visible="false">
      <Cylinder R="7" H="150" />
      <Color R="255" G="255" B="255" A="0" />
      <TransformMatrix Value="0,1,0,0,0,0,1,0,1,0,0,0,-47.3232056945562,-23.1005795076489,1635.30481961663,1" />
    </Entity>
    <Entity ID="30" Type="boolean" Visible="false">
      <Boolean Type="Difference" Entity1="28" Entity2="29" />
      <Color R="138" G="149" B="151" A="0" />
      <TransformMatrix Value="1,0,0,0,0,1,0,0,0,0,1,0,0,0,0,1" />
    </Entity>
    <Entity ID="31" Type="simple" Visible="false">
      <Cylinder R="7" H="150" />
      <Color R="255" G="255" B="255" A="0" />
      <TransformMatrix Value="0,-1,1.22464679914735E-16,0,0,1.22464679914735E-16,1,0,1,0,0,0,-47.3232056945562,23.1005794927478,1635.30481961663,1" />
    </Entity>
    <Entity ID="32" Type="boolean" Visible="false">
      <Boolean Type="Difference" Entity1="30" Entity2="31" />
      <Color R="138" G="149" B="151" A="0" />
      <TransformMatrix Value="1,0,0,0,0,1,0,0,0,0,1,0,0,0,0,1" />
    </Entity>
    <Entity ID="33" Type="simple" Visible="false">
      <Cylinder R="7" H="150" />
      <Color R="255" G="255" B="255" A="0" />
      <TransformMatrix Value="0,1,-2.44929359829471E-16,0,0,-2.44929359829471E-16,-1,0,1,0,0,0,-47.3232056945562,-23.1005795076489,1591.73143102197,1" />
    </Entity>
    <Entity ID="34" Type="boolean" Visible="false">
      <Boolean Type="Difference" Entity1="32" Entity2="33" />
      <Color R="138" G="149" B="151" A="0" />
      <TransformMatrix Value="1,0,0,0,0,1,0,0,0,0,1,0,0,0,0,1" />
    </Entity>
    <Entity ID="35" Type="simple" Visible="false">
      <Cylinder R="7" H="150" />
      <Color R="255" G="255" B="255" A="0" />
      <TransformMatrix Value="0,-1,1.22464679914736E-16,0,0,-1.22464679914736E-16,-1,0,1,0,0,0,-47.3232056945562,23.1005794927478,1591.73143102197,1" />
    </Entity>
    <Entity ID="36" Type="boolean" Visible="true">
      <Boolean Type="Difference" Entity1="34" Entity2="35" />
      <Color R="138" G="149" B="151" A="0" />
      <TransformMatrix Value="1,0,0,0,0,1,0,0,0,0,1,0,0,0,0,1" />
    </Entity>
  </Entities>
</Device>