<?xml version="1.0" encoding="utf-8"?>
<Device>
  <Entities>
    <Entity ID="2" Type="simple" Visible="true">
      <Cylinder R="17" H="270" />
      <Color R="138" G="149" B="151" A="0" />
      <TransformMatrix Value="0,1,0,0,0,0,1,0,1,0,0,0,-754.000000998378,1402.5,-1288.22857139571,1" />
    </Entity>
    <Entity ID="3" Type="simple" Visible="true">
      <Cylinder R="17" H="2550" />
      <Color R="138" G="149" B="151" A="0" />
      <TransformMatrix Value="0.996194698091746,0,0.0871557427476582,0,0,1,0,0,-0.0871557427476582,0,0.996194698091746,0,-312.625909000635,1402.5,-3247.0434038986,1" />
    </Entity>
    <Entity ID="4" Type="simple" Visible="true">
      <Cylinder R="17" H="270" />
      <Color R="138" G="149" B="151" A="0" />
      <TransformMatrix Value="0,1,0,0,0,0,1,0,1,0,0,0,-754.000000998378,1102.5,-1288.22857139571,1" />
    </Entity>
    <Entity ID="5" Type="simple" Visible="true">
      <Cylinder R="17" H="2550" />
      <Color R="138" G="149" B="151" A="0" />
      <TransformMatrix Value="0.996194698091746,0,0.0871557427476582,0,0,1,0,0,-0.0871557427476582,0,0.996194698091746,0,-312.625909000635,1102.5,-3247.0434038986,1" />
    </Entity>
    <Entity ID="6" Type="simple" Visible="true">
      <Cylinder R="15" H="300" />
      <Color R="138" G="149" B="151" A="0" />
      <TransformMatrix Value="1,0,0,0,0,0,1,0,0,-1,0,0,-299.988326037502,1402.5,-3390.00998749519,1" />
    </Entity>
    <Entity ID="7" Type="simple" Visible="true">
      <Cylinder R="15" H="300" />
      <Color R="138" G="149" B="151" A="0" />
      <TransformMatrix Value="1,0,0,0,0,0,1,0,0,-1,0,0,-317.419473998249,1402.5,-3192.25269550355,1" />
    </Entity>
    <Entity ID="8" Type="simple" Visible="true">
      <Cylinder R="15" H="300" />
      <Color R="138" G="149" B="151" A="0" />
      <TransformMatrix Value="1,0,0,0,0,0,1,0,0,-1,0,0,-347.923983998597,1402.5,-2843.58455117144,1" />
    </Entity>
    <Entity ID="9" Type="simple" Visible="true">
      <Cylinder R="15" H="300" />
      <Color R="138" G="149" B="151" A="0" />
      <TransformMatrix Value="1,0,0,0,0,0,1,0,0,-1,0,0,-378.428493998945,1402.5,-2494.91640683932,1" />
    </Entity>
    <Entity ID="10" Type="simple" Visible="true">
      <Cylinder R="15" H="300" />
      <Color R="138" G="149" B="151" A="0" />
      <TransformMatrix Value="1,0,0,0,0,0,1,0,0,-1,0,0,-408.933003999293,1402.5,-2146.24826250721,1" />
    </Entity>
    <Entity ID="11" Type="simple" Visible="true">
      <Cylinder R="15" H="300" />
      <Color R="138" G="149" B="151" A="0" />
      <TransformMatrix Value="1,0,0,0,0,0,1,0,0,-1,0,0,-439.437513999641,1402.5,-1797.5801181751,1" />
    </Entity>
    <Entity ID="12" Type="simple" Visible="true">
      <Cylinder R="15" H="300" />
      <Color R="138" G="149" B="151" A="0" />
      <TransformMatrix Value="1,0,0,0,0,0,1,0,0,-1,0,0,-469.942023999989,1402.5,-1448.91197384299,1" />
    </Entity>
    <Entity ID="13" Type="simple" Visible="true">
      <Cylinder R="15" H="300" />
      <Color R="138" G="149" B="151" A="0" />
      <TransformMatrix Value="1,0,0,0,0,0,1,0,0,-1,0,0,-500.446534000337,1402.5,-1100.24382951088,1" />
    </Entity>
    <Entity ID="14" Type="simple" Visible="true">
      <Cylinder R="17" H="200" />
      <Color R="138" G="149" B="151" A="0" />
      <TransformMatrix Value="-0.0871557427248171,6.12323399573677E-17,0.996194698093744,0,-5.33675006776284E-18,-1,6.09993324174034E-17,0,0.996194698093744,-3.69778549322349E-32,0.0871557427248171,0,-772.029258400202,1102.5,-692.36170887615,1" />
    </Entity>
    <Entity ID="15" Type="simple" Visible="true">
      <Ring R="35" DR="17" Rad="1.5707963267949" />
      <Color R="138" G="149" B="151" A="0" />
      <TransformMatrix Value="0.996194698093744,-3.69778549322349E-32,0.0871557427248171,0,-0.0871557427248171,6.12323399573677E-17,0.996194698093744,0,-5.33675006776284E-18,-1,6.09993324174034E-17,0,-569.739867396653,1102.5,-709.79737476001,1" />
    </Entity>
    <Entity ID="16" Type="simple" Visible="true">
      <Ring R="35" DR="17" Rad="1.5707963267949" />
      <Color R="138" G="149" B="151" A="0" />
      <TransformMatrix Value="0.996194698093744,-3.69778549322349E-32,0.0871557427248171,0,-0.0871557427248171,6.12323399573677E-17,0.996194698093744,0,-5.33675006776284E-18,-1,6.09993324174034E-17,0,-569.739867396653,1402.5,-709.79737476001,1" />
    </Entity>
    <Entity ID="17" Type="simple" Visible="true">
      <Cylinder R="17" H="200" />
      <Color R="138" G="149" B="151" A="0" />
      <TransformMatrix Value="-0.0871557427248171,6.12323399573677E-17,0.996194698093744,0,-5.33675006776284E-18,-1,6.09993324174034E-17,0,0.996194698093744,-3.69778549322349E-32,0.0871557427248171,0,-772.029258400202,1402.5,-692.36170887615,1" />
    </Entity>
    <Entity ID="18" Type="simple" Visible="true">
      <Cylinder R="17" H="390" />
      <Color R="138" G="149" B="151" A="0" />
      <TransformMatrix Value="0,1,0,0,0,0,1,0,1,0,0,0,-754.000000998378,1102.5,-2662.04340391159,1" />
    </Entity>
    <Entity ID="19" Type="simple" Visible="true">
      <Cylinder R="17" H="390" />
      <Color R="138" G="149" B="151" A="0" />
      <TransformMatrix Value="0,1,0,0,0,0,1,0,1,0,0,0,-754.000000998378,1402.5,-2662.04340391159,1" />
    </Entity>
    <Entity ID="20" Type="simple" Visible="true">
      <Cylinder R="17" H="300" />
      <Color R="138" G="149" B="151" A="0" />
      <TransformMatrix Value="0.996194698091746,0,0.0871557427476582,0,0,1,0,0,-0.0871557427476582,0,0.996194698091746,0,-286.479186176337,1102.5,-3545.90181332612,1" />
    </Entity>
    <Entity ID="21" Type="simple" Visible="true">
      <Cylinder R="17" H="300" />
      <Color R="138" G="149" B="151" A="0" />
      <TransformMatrix Value="0.996194698091746,0,0.0871557427476582,0,0,1,0,0,-0.0871557427476582,0,0.996194698091746,0,-286.479186176337,1402.5,-3545.90181332612,1" />
    </Entity>
  </Entities>
</Device>