<?xml version="1.0" encoding="utf-8"?>
<Device>
  <Entities>
    <Entity ID="19" Type="simple" Visible="true">
      <Cylinder R="100" H="100" />
      <Color R="204" G="6" B="5" A="0" />
      <TransformMatrix Value="1,0,0,0,0,1,0,0,0,0,1,0,645.219674290773,219.503123380201,3037.03285081038,1" />
    </Entity>
    <Entity ID="20" Type="simple" Visible="true">
      <Cylinder R="40" H="50" />
      <Color R="204" G="6" B="5" A="0" />
      <TransformMatrix Value="1,0,0,0,0,1,0,0,0,0,1,0,645.219674290773,219.503123380201,3137.03285081038,1" />
    </Entity>
    <Entity ID="21" Type="simple" Visible="true">
      <Cylinder R="550" H="2096" />
      <Color R="204" G="6" B="5" A="0" />
      <TransformMatrix Value="1,0,0,0,0,1,0,0,0,0,1,0,645.219674290773,215.251249523303,783.049524011676,1" />
    </Entity>
    <Entity ID="22" Type="simple" Visible="false">
      <Sphere R="1000" />
      <Color R="255" G="255" B="255" A="0" />
      <TransformMatrix Value="1,0,0,0,0,1,0,0,0,0,1,0,645.219674290773,219.503123380201,2047.03285081037,1" />
    </Entity>
    <Entity ID="23" Type="simple" Visible="false">
      <Cuboid L="2000" W="2010" H="2000" />
      <Color R="204" G="6" B="5" A="0" />
      <TransformMatrix Value="1,0,0,0,0,1,0,0,0,0,1,0,645.219674290773,219.503123380303,1215.01617760908,1" />
    </Entity>
    <Entity ID="24" Type="boolean" Visible="true">
      <Boolean Type="Difference" Entity1="22" Entity2="23" />
      <Color R="204" G="6" B="5" A="0" />
      <TransformMatrix Value="-1,0,1.22460635382238E-16,0,0,1,0,0,-1.22460635382238E-16,0,-1,0,0,0,0,1" />
    </Entity>
    <Entity ID="25" Type="simple" Visible="true">
      <Cuboid L="0.01" W="0.01" H="0.01" />
      <Color R="204" G="6" B="5" A="0" />
      <TransformMatrix Value="1,0,0,0,0,-1,0,0,0,0,-1,0,1190.46404967177,219.498123380201,36.1223252994756,1" />
    </Entity>
    <Entity ID="26" Type="simple" Visible="false">
      <Sphere R="1000" />
      <Color R="255" G="255" B="255" A="0" />
      <TransformMatrix Value="1,0,0,0,0,1,0,0,0,0,1,0,645.219674290773,220.001874142306,1618.13899850077,1" />
    </Entity>
    <Entity ID="27" Type="simple" Visible="false">
      <Cuboid L="2000" W="2010" H="2000" />
      <Color R="255" G="255" B="255" A="0" />
      <TransformMatrix Value="1,0,0,0,0,1,0,0,0,0,1,0,645.219674290773,220.001874142409,786.122325299466,1" />
    </Entity>
    <Entity ID="28" Type="boolean" Visible="true">
      <Boolean Type="Difference" Entity1="26" Entity2="27" />
      <Color R="204" G="6" B="5" A="0" />
      <TransformMatrix Value="1,0,0,0,0,1,0,0,0,0,1,0,0,0,0,1" />
    </Entity>
    <Entity ID="29" Type="simple" Visible="true">
      <Cuboid L="100" W="200" H="800" />
      <Color R="204" G="6" B="5" A="0" />
      <TransformMatrix Value="-0.943602141815675,0.260168682510348,-0.204761457803226,0,0.265800488508023,0.96402805991781,-1.22898342665108E-18,0,-0.197395790911986,0.0544256955117124,0.978811905014594,0,1247.73548974506,-57.956557210175,6.50781277596106,1" />
    </Entity>
    <Entity ID="30" Type="simple" Visible="true">
      <Cuboid L="100" W="200" H="800" />
      <Color R="204" G="6" B="5" A="0" />
      <TransformMatrix Value="0.905085931093309,0.372682442214892,-0.204761457803226,0,-0.380749805254295,0.924678098474716,-1.22898342665108E-18,0,0.189338435442398,0.0779628851821638,0.978811905014594,0,45.25429655467,18.6341221107469,-10.2380728901613,1" />
    </Entity>
    <Entity ID="31" Type="simple" Visible="true">
      <Cuboid L="200" W="100" H="800" />
      <Color R="204" G="6" B="5" A="0" />
      <TransformMatrix Value="1,-3.61144157843822E-17,-2.15787104572724E-17,0,4.11953073439988E-17,0.944639055019163,0.328111346546417,0,8.53454306213914E-18,-0.328111346546417,0.944639055019163,0,645.219674290773,980.642255830984,30.4110812841352,1" />
    </Entity>
    <Entity ID="32" Type="simple" Visible="true">
      <Cylinder R="50" H="200" />
      <Color R="204" G="6" B="5" A="0" />
      <TransformMatrix Value="1,0,0,0,0,1,0,0,0,0,1,0,645.219674290773,219.503123380202,426.122325299476,1" />
    </Entity>
    <Entity ID="33" Type="simple" Visible="true">
      <Cylinder R="50" H="600" />
      <Color R="204" G="6" B="5" A="0" />
      <TransformMatrix Value="0,-1,0,0,0,0,1,0,-1,0,0,0,1195.21967429077,219.825839327607,426.122325299476,1" />
    </Entity>
    <Entity ID="34" Type="simple" Visible="true">
      <CircularGasket OR="60" IR="50" H="8" Rad="6.28318530717959" />
      <Color R="204" G="6" B="5" A="0" />
      <TransformMatrix Value="0,-1,0,0,0,0,1,0,-1,0,0,0,1203.21967429077,219.503123380202,426.122325299476,1" />
    </Entity>
  </Entities>
</Device>