<?xml version="1.0" encoding="utf-8"?>
<Device>
  <Entities>
    <Entity ID="13" Type="simple" Visible="false">
      <Sphere R="40" />
      <Color R="0" G="0" B="0" A="0" />
      <TransformMatrix Value="1,0,0,0,0,1,0,0,0,0,1,0,-102.297439083271,26.2049454083693,-63.2612327941434,1" />
    </Entity>
    <Entity ID="14" Type="simple" Visible="false">
      <Sphere R="42" />
      <Color R="215" G="215" B="215" A="60" />
      <TransformMatrix Value="1,0,0,0,0,1,0,0,0,0,1,0,-102.266713470021,26.2049454083693,-64.1320358735294,1" />
    </Entity>
    <Entity ID="15" Type="simple" Visible="false">
      <RotationalEllipsoid LR="80" WR="60" H="60" />
      <Color R="255" G="255" B="255" A="0" />
      <TransformMatrix Value="6.12323399573677E-17,-5.36245139718935E-17,1,0,5.36245139718935E-17,1,5.36245139718934E-17,0,-1,5.36245139718934E-17,6.12323399573677E-17,0,-102.05,25.9500000000004,-90.3342541091404,1" />
    </Entity>
    <Entity ID="16" Type="simple" Visible="true">
      <Cuboid L="5" W="50" H="50" />
      <Color R="231" G="235" B="218" A="0" />
      <TransformMatrix Value="6.12323399573677E-17,-1,-6.12323399573677E-17,0,-1,-6.12323399573677E-17,1.83697019872103E-16,0,1.83697019872103E-16,-6.12323399573676E-17,1,0,-8.5265128291212E-15,2.5,-25,1" />
    </Entity>
    <Entity ID="17" Type="simple" Visible="true">
      <Cylinder R="15" H="187.541133154393" />
      <Color R="231" G="235" B="218" A="0" />
      <TransformMatrix Value="-1,-6.12323399573677E-17,1.83697019872103E-16,0,1.83697019872103E-16,-6.12323399573676E-17,1,0,6.12323399573677E-17,-1,-6.12323399573677E-17,0,-1.48690546165484E-14,192.541133154393,-2.4999999999999,1" />
    </Entity>
    <Entity ID="18" Type="simple" Visible="true">
      <Sphere R="15" />
      <Color R="231" G="235" B="218" A="0" />
      <TransformMatrix Value="6.12323399573677E-17,-0.707106781186547,-0.707106781186548,0,-1,-1.73191211247099E-16,8.65956056235493E-17,0,1.83697019872103E-16,-0.707106781186548,0.707106781186547,0,-1.48690546165484E-14,192.541133154393,-2.4999999999999,1" />
    </Entity>
    <Entity ID="19" Type="simple" Visible="true">
      <Cylinder R="15" H="120" />
      <Color R="231" G="235" B="218" A="0" />
      <TransformMatrix Value="6.12323399573677E-17,-0.707106781186547,-0.707106781186548,0,-1,-1.73191211247099E-16,8.65956056235493E-17,0,1.83697019872103E-16,-0.707106781186548,0.707106781186547,0,9.68574473655417E-08,277.393946896779,-87.3528137423854,1" />
    </Entity>
    <Entity ID="20" Type="simple" Visible="true">
      <RotationalEllipsoid LR="320" WR="240" H="220" />
      <Color R="138" G="149" B="151" A="0" />
      <TransformMatrix Value="1.8593143085471E-16,-0.707106781186548,0.707106781186547,0,-5.00602850388579E-17,0.707106781186547,0.707106781186548,0,1,1.66871342612191E-16,-9.60754085739752E-17,0,9.68574698739449E-08,584.552838974643,-394.511705820981,1" />
    </Entity>
    <Entity ID="21" Type="simple" Visible="true">
      <Sphere R="80" />
      <Color R="215" G="215" B="215" A="60" />
      <TransformMatrix Value="6.12323399573677E-17,-0.707106781186548,0.707106781186547,0,1,1.73191211247099E-16,8.65956056235494E-17,0,-1.83697019872103E-16,0.707106781186547,0.707106781186548,0,9.68574937587619E-08,420.170344907312,-220.44832834303,1" />
    </Entity>
    <Entity ID="22" Type="simple" Visible="true">
      <Cylinder R="60" H="120" />
      <Color R="255" G="255" B="255" A="0" />
      <TransformMatrix Value="1,0,0,0,0,0.707106781186547,0.707106781186548,0,0,-0.707106781186548,0.707106781186547,0,5.39159827894764E-12,362.246760639165,-172.205627484771,1" />
    </Entity>
  </Entities>
</Device>